Liquid Composition:
index Pressure Temperature mass SiO2 TiO2 Al2O3 Fe2O3 Cr2O3 FeO MnO MgO NiO CoO CaO Na2O K2O P2O5 H2O CO2 
1 1000.00 1400.00 100.000000 49.1902 3.56768 13.9257 2.06076 0 9.0588 0.200398 6.05657 0 0 10.9163 3.01389 0.523311 0.49669 0.98962 0
2 1000.00 1397.00 100.000000 49.1902 3.56768 13.9257 2.06076 0 9.0588 0.200398 6.05657 0 0 10.9163 3.01389 0.523311 0.49669 0.98962 0
3 2000.00 1394.00 100.000000 49.1902 3.56768 13.9257 2.06076 0 9.0588 0.200398 6.05657 0 0 10.9163 3.01389 0.523311 0.49669 0.98962 0
4 5000.00 1391.00 100.000000 49.1902 3.56768 13.9257 2.06076 0 9.0588 0.200398 6.05657 0 0 10.9163 3.01389 0.523311 0.49669 0.98962 0
5 5000.00 1388.00 100.000000 49.1902 3.56768 13.9257 2.06076 0 9.0588 0.200398 6.05657 0 0 10.9163 3.01389 0.523311 0.49669 0.98962 0
6 1000.00 1385.00 100.000000 49.1902 3.56768 13.9257 2.06076 0 9.0588 0.200398 6.05657 0 0 10.9163 3.01389 0.523311 0.49669 0.98962 0
7 5000.00 1382.00 100.000000 49.1902 3.56768 13.9257 2.06076 0 9.0588 0.200398 6.05657 0 0 10.9163 3.01389 0.523311 0.49669 0.98962 0
8 1000.00 1379.00 100.000000 49.1902 3.56768 13.9257 2.06076 0 9.0588 0.200398 6.05657 0 0 10.9163 3.01389 0.523311 0.49669 0.98962 0
8 3500.00 1379.00 100.000000 49.1902 3.56768 13.9257 2.06076 0 9.0588 0.200398 6.05657 0 0 10.9163 3.01389 0.523311 0.49669 0.98962 0
9 1000.00 1376.00 100.000000 49.1902 3.56768 13.9257 2.06076 0 9.0588 0.200398 6.05657 0 0 10.9163 3.01389 0.523311 0.49669 0.98962 0
9 3500.00 1376.00 100.000000 49.1902 3.56768 13.9257 2.06076 0 9.0588 0.200398 6.05657 0 0 10.9163 3.01389 0.523311 0.49669 0.98962 0
10 1000.00 1373.00 100.000000 49.1902 3.56768 13.9257 2.06076 0 9.0588 0.200398 6.05657 0 0 10.9163 3.01389 0.523311 0.49669 0.98962 0
10 5000.00 1373.00 100.000000 49.1902 3.56768 13.9257 2.06076 0 9.0588 0.200398 6.05657 0 0 10.9163 3.01389 0.523311 0.49669 0.98962 0
11 1000.00 1370.00 100.000000 49.1902 3.56768 13.9257 2.06076 0 9.0588 0.200398 6.05657 0 0 10.9163 3.01389 0.523311 0.49669 0.98962 0
11 5000.00 1370.00 100.000000 49.1902 3.56768 13.9257 2.06076 0 9.0588 0.200398 6.05657 0 0 10.9163 3.01389 0.523311 0.49669 0.98962 0
11 2000.00 1370.00 100.000000 49.1902 3.56768 13.9257 2.06076 0 9.0588 0.200398 6.05657 0 0 10.9163 3.01389 0.523311 0.49669 0.98962 0
12 5000.00 1367.00 100.000000 49.1902 3.56768 13.9257 2.06076 0 9.0588 0.200398 6.05657 0 0 10.9163 3.01389 0.523311 0.49669 0.98962 0
12 3500.00 1367.00 100.000000 49.1902 3.56768 13.9257 2.06076 0 9.0588 0.200398 6.05657 0 0 10.9163 3.01389 0.523311 0.49669 0.98962 0
13 5000.00 1364.00 100.000000 49.1902 3.56768 13.9257 2.06076 0 9.0588 0.200398 6.05657 0 0 10.9163 3.01389 0.523311 0.49669 0.98962 0
13 2000.00 1364.00 100.000000 49.1902 3.56768 13.9257 2.06076 0 9.0588 0.200398 6.05657 0 0 10.9163 3.01389 0.523311 0.49669 0.98962 0
14 5000.00 1361.00 100.000000 49.1902 3.56768 13.9257 2.06076 0 9.0588 0.200398 6.05657 0 0 10.9163 3.01389 0.523311 0.49669 0.98962 0
14 3500.00 1361.00 100.000000 49.1902 3.56768 13.9257 2.06076 0 9.0588 0.200398 6.05657 0 0 10.9163 3.01389 0.523311 0.49669 0.98962 0
16 1000.00 1355.00 100.000000 49.1902 3.56768 13.9257 2.06076 0 9.0588 0.200398 6.05657 0 0 10.9163 3.01389 0.523311 0.49669 0.98962 0
17 5000.00 1352.00 100.000000 49.1902 3.56768 13.9257 2.06076 0 9.0588 0.200398 6.05657 0 0 10.9163 3.01389 0.523311 0.49669 0.98962 0
17 2000.00 1352.00 100.000000 49.1902 3.56768 13.9257 2.06076 0 9.0588 0.200398 6.05657 0 0 10.9163 3.01389 0.523311 0.49669 0.98962 0
19 5000.00 1346.00 100.000000 49.1902 3.56768 13.9257 2.06076 0 9.0588 0.200398 6.05657 0 0 10.9163 3.01389 0.523311 0.49669 0.98962 0
19 3500.00 1346.00 100.000000 49.1902 3.56768 13.9257 2.06076 0 9.0588 0.200398 6.05657 0 0 10.9163 3.01389 0.523311 0.49669 0.98962 0
20 5000.00 1343.00 100.000000 49.1902 3.56768 13.9257 2.06076 0 9.0588 0.200398 6.05657 0 0 10.9163 3.01389 0.523311 0.49669 0.98962 0
20 3500.00 1343.00 100.000000 49.1902 3.56768 13.9257 2.06076 0 9.0588 0.200398 6.05657 0 0 10.9163 3.01389 0.523311 0.49669 0.98962 0
21 1000.00 1340.00 100.000000 49.1902 3.56768 13.9257 2.06076 0 9.0588 0.200398 6.05657 0 0 10.9163 3.01389 0.523311 0.49669 0.98962 0
21 3500.00 1340.00 100.000000 49.1902 3.56768 13.9257 2.06076 0 9.0588 0.200398 6.05657 0 0 10.9163 3.01389 0.523311 0.49669 0.98962 0
22 5000.00 1337.00 100.000000 49.1902 3.56768 13.9257 2.06076 0 9.0588 0.200398 6.05657 0 0 10.9163 3.01389 0.523311 0.49669 0.98962 0
22 3500.00 1337.00 100.000000 49.1902 3.56768 13.9257 2.06076 0 9.0588 0.200398 6.05657 0 0 10.9163 3.01389 0.523311 0.49669 0.98962 0
23 5000.00 1334.00 100.000000 49.1902 3.56768 13.9257 2.06076 0 9.0588 0.200398 6.05657 0 0 10.9163 3.01389 0.523311 0.49669 0.98962 0
22 2000.00 1337.00 100.000000 49.1902 3.56768 13.9257 2.06076 0 9.0588 0.200398 6.05657 0 0 10.9163 3.01389 0.523311 0.49669 0.98962 0
24 1000.00 1331.00 100.000000 49.1902 3.56768 13.9257 2.06076 0 9.0588 0.200398 6.05657 0 0 10.9163 3.01389 0.523311 0.49669 0.98962 0
24 3500.00 1331.00 100.000000 49.1902 3.56768 13.9257 2.06076 0 9.0588 0.200398 6.05657 0 0 10.9163 3.01389 0.523311 0.49669 0.98962 0
23 2000.00 1334.00 100.000000 49.1902 3.56768 13.9257 2.06076 0 9.0588 0.200398 6.05657 0 0 10.9163 3.01389 0.523311 0.49669 0.98962 0
25 5000.00 1328.00 100.000000 49.1902 3.56768 13.9257 2.06076 0 9.0588 0.200398 6.05657 0 0 10.9163 3.01389 0.523311 0.49669 0.98962 0
24 2000.00 1331.00 100.000000 49.1902 3.56768 13.9257 2.06076 0 9.0588 0.200398 6.05657 0 0 10.9163 3.01389 0.523311 0.49669 0.98962 0
26 1000.00 1325.00 100.000000 49.1902 3.56768 13.9257 2.06076 0 9.0588 0.200398 6.05657 0 0 10.9163 3.01389 0.523311 0.49669 0.98962 0
25 2000.00 1328.00 100.000000 49.1902 3.56768 13.9257 2.06076 0 9.0588 0.200398 6.05657 0 0 10.9163 3.01389 0.523311 0.49669 0.98962 0
27 5000.00 1322.00 100.000000 49.1902 3.56768 13.9257 2.06076 0 9.0588 0.200398 6.05657 0 0 10.9163 3.01389 0.523311 0.49669 0.98962 0
26 2000.00 1325.00 100.000000 49.1902 3.56768 13.9257 2.06076 0 9.0588 0.200398 6.05657 0 0 10.9163 3.01389 0.523311 0.49669 0.98962 0
28 5000.00 1319.00 100.000000 49.1902 3.56768 13.9257 2.06076 0 9.0588 0.200398 6.05657 0 0 10.9163 3.01389 0.523311 0.49669 0.98962 0
27 2000.00 1322.00 100.000000 49.1902 3.56768 13.9257 2.06076 0 9.0588 0.200398 6.05657 0 0 10.9163 3.01389 0.523311 0.49669 0.98962 0
29 1000.00 1316.00 100.000000 49.1902 3.56768 13.9257 2.06076 0 9.0588 0.200398 6.05657 0 0 10.9163 3.01389 0.523311 0.49669 0.98962 0
29 3500.00 1316.00 100.000000 49.1902 3.56768 13.9257 2.06076 0 9.0588 0.200398 6.05657 0 0 10.9163 3.01389 0.523311 0.49669 0.98962 0
30 5000.00 1313.00 100.000000 49.1902 3.56768 13.9257 2.06076 0 9.0588 0.200398 6.05657 0 0 10.9163 3.01389 0.523311 0.49669 0.98962 0
29 2000.00 1316.00 100.000000 49.1902 3.56768 13.9257 2.06076 0 9.0588 0.200398 6.05657 0 0 10.9163 3.01389 0.523311 0.49669 0.98962 0
31 1000.00 1310.00 100.000000 49.1902 3.56768 13.9257 2.06076 0 9.0588 0.200398 6.05657 0 0 10.9163 3.01389 0.523311 0.49669 0.98962 0
30 2000.00 1313.00 100.000000 49.1902 3.56768 13.9257 2.06076 0 9.0588 0.200398 6.05657 0 0 10.9163 3.01389 0.523311 0.49669 0.98962 0
32 5000.00 1307.00 100.000000 49.1902 3.56768 13.9257 2.06076 0 9.0588 0.200398 6.05657 0 0 10.9163 3.01389 0.523311 0.49669 0.98962 0
32 3500.00 1307.00 100.000000 49.1902 3.56768 13.9257 2.06076 0 9.0588 0.200398 6.05657 0 0 10.9163 3.01389 0.523311 0.49669 0.98962 0
33 5000.00 1304.00 100.000000 49.1902 3.56768 13.9257 2.06076 0 9.0588 0.200398 6.05657 0 0 10.9163 3.01389 0.523311 0.49669 0.98962 0
33 3500.00 1304.00 100.000000 49.1902 3.56768 13.9257 2.06076 0 9.0588 0.200398 6.05657 0 0 10.9163 3.01389 0.523311 0.49669 0.98962 0
34 1000.00 1301.00 100.000000 49.1902 3.56768 13.9257 2.06076 0 9.0588 0.200398 6.05657 0 0 10.9163 3.01389 0.523311 0.49669 0.98962 0
34 5000.00 1301.00 100.000000 49.1902 3.56768 13.9257 2.06076 0 9.0588 0.200398 6.05657 0 0 10.9163 3.01389 0.523311 0.49669 0.98962 0
34 3500.00 1301.00 100.000000 49.1902 3.56768 13.9257 2.06076 0 9.0588 0.200398 6.05657 0 0 10.9163 3.01389 0.523311 0.49669 0.98962 0
33 2000.00 1304.00 100.000000 49.1902 3.56768 13.9257 2.06076 0 9.0588 0.200398 6.05657 0 0 10.9163 3.01389 0.523311 0.49669 0.98962 0
35 5000.00 1298.00 100.000000 49.1902 3.56768 13.9257 2.06076 0 9.0588 0.200398 6.05657 0 0 10.9163 3.01389 0.523311 0.49669 0.98962 0
35 3500.00 1298.00 100.000000 49.1902 3.56768 13.9257 2.06076 0 9.0588 0.200398 6.05657 0 0 10.9163 3.01389 0.523311 0.49669 0.98962 0
34 2000.00 1301.00 100.000000 49.1902 3.56768 13.9257 2.06076 0 9.0588 0.200398 6.05657 0 0 10.9163 3.01389 0.523311 0.49669 0.98962 0
36 5000.00 1295.00 100.000000 49.1902 3.56768 13.9257 2.06076 0 9.0588 0.200398 6.05657 0 0 10.9163 3.01389 0.523311 0.49669 0.98962 0
36 3500.00 1295.00 100.000000 49.1902 3.56768 13.9257 2.06076 0 9.0588 0.200398 6.05657 0 0 10.9163 3.01389 0.523311 0.49669 0.98962 0
35 2000.00 1298.00 100.000000 49.1902 3.56768 13.9257 2.06076 0 9.0588 0.200398 6.05657 0 0 10.9163 3.01389 0.523311 0.49669 0.98962 0
37 5000.00 1292.00 100.000000 49.1902 3.56768 13.9257 2.06076 0 9.0588 0.200398 6.05657 0 0 10.9163 3.01389 0.523311 0.49669 0.98962 0
37 3500.00 1292.00 100.000000 49.1902 3.56768 13.9257 2.06076 0 9.0588 0.200398 6.05657 0 0 10.9163 3.01389 0.523311 0.49669 0.98962 0
38 1000.00 1289.00 100.000000 49.1902 3.56768 13.9257 2.06076 0 9.0588 0.200398 6.05657 0 0 10.9163 3.01389 0.523311 0.49669 0.98962 0
38 5000.00 1289.00 100.000000 49.1902 3.56768 13.9257 2.06076 0 9.0588 0.200398 6.05657 0 0 10.9163 3.01389 0.523311 0.49669 0.98962 0
38 3500.00 1289.00 100.000000 49.1902 3.56768 13.9257 2.06076 0 9.0588 0.200398 6.05657 0 0 10.9163 3.01389 0.523311 0.49669 0.98962 0
37 2000.00 1292.00 100.000000 49.1902 3.56768 13.9257 2.06076 0 9.0588 0.200398 6.05657 0 0 10.9163 3.01389 0.523311 0.49669 0.98962 0
39 3500.00 1286.00 100.000000 49.1902 3.56768 13.9257 2.06076 0 9.0588 0.200398 6.05657 0 0 10.9163 3.01389 0.523311 0.49669 0.98962 0
38 2000.00 1289.00 100.000000 49.1902 3.56768 13.9257 2.06076 0 9.0588 0.200398 6.05657 0 0 10.9163 3.01389 0.523311 0.49669 0.98962 0
40 5000.00 1283.00 100.000000 49.1902 3.56768 13.9257 2.06076 0 9.0588 0.200398 6.05657 0 0 10.9163 3.01389 0.523311 0.49669 0.98962 0
41 1000.00 1280.00 100.000000 49.1902 3.56768 13.9257 2.06076 0 9.0588 0.200398 6.05657 0 0 10.9163 3.01389 0.523311 0.49669 0.98962 0
41 3500.00 1280.00 100.000000 49.1902 3.56768 13.9257 2.06076 0 9.0588 0.200398 6.05657 0 0 10.9163 3.01389 0.523311 0.49669 0.98962 0
40 2000.00 1283.00 100.000000 49.1902 3.56768 13.9257 2.06076 0 9.0588 0.200398 6.05657 0 0 10.9163 3.01389 0.523311 0.49669 0.98962 0
42 5000.00 1277.00 100.000000 49.1902 3.56768 13.9257 2.06076 0 9.0588 0.200398 6.05657 0 0 10.9163 3.01389 0.523311 0.49669 0.98962 0
42 3500.00 1277.00 100.000000 49.1902 3.56768 13.9257 2.06076 0 9.0588 0.200398 6.05657 0 0 10.9163 3.01389 0.523311 0.49669 0.98962 0
41 2000.00 1280.00 100.000000 49.1902 3.56768 13.9257 2.06076 0 9.0588 0.200398 6.05657 0 0 10.9163 3.01389 0.523311 0.49669 0.98962 0
43 3500.00 1274.00 100.000000 49.1902 3.56768 13.9257 2.06076 0 9.0588 0.200398 6.05657 0 0 10.9163 3.01389 0.523311 0.49669 0.98962 0
42 2000.00 1277.00 100.000000 49.1902 3.56768 13.9257 2.06076 0 9.0588 0.200398 6.05657 0 0 10.9163 3.01389 0.523311 0.49669 0.98962 0
44 3500.00 1271.00 100.000000 49.1902 3.56768 13.9257 2.06076 0 9.0588 0.200398 6.05657 0 0 10.9163 3.01389 0.523311 0.49669 0.98962 0
45 1000.00 1268.00 100.000000 49.1902 3.56768 13.9257 2.06076 0 9.0588 0.200398 6.05657 0 0 10.9163 3.01389 0.523311 0.49669 0.98962 0
45 5000.00 1268.00 100.000000 49.1902 3.56768 13.9257 2.06076 0 9.0588 0.200398 6.05657 0 0 10.9163 3.01389 0.523311 0.49669 0.98962 0
44 2000.00 1271.00 100.000000 49.1902 3.56768 13.9257 2.06076 0 9.0588 0.200398 6.05657 0 0 10.9163 3.01389 0.523311 0.49669 0.98962 0
46 3500.00 1265.00 100.000000 49.1902 3.56768 13.9257 2.06076 0 9.0588 0.200398 6.05657 0 0 10.9163 3.01389 0.523311 0.49669 0.98962 0
47 1000.00 1262.00 100.000000 49.1902 3.56768 13.9257 2.06076 0 9.0588 0.200398 6.05657 0 0 10.9163 3.01389 0.523311 0.49669 0.98962 0
47 5000.00 1262.00 100.000000 49.1902 3.56768 13.9257 2.06076 0 9.0588 0.200398 6.05657 0 0 10.9163 3.01389 0.523311 0.49669 0.98962 0
46 2000.00 1265.00 100.000000 49.1902 3.56768 13.9257 2.06076 0 9.0588 0.200398 6.05657 0 0 10.9163 3.01389 0.523311 0.49669 0.98962 0
48 3500.00 1259.00 100.000000 49.1902 3.56768 13.9257 2.06076 0 9.0588 0.200398 6.05657 0 0 10.9163 3.01389 0.523311 0.49669 0.98962 0
47 2000.00 1262.00 100.000000 49.1902 3.56768 13.9257 2.06076 0 9.0588 0.200398 6.05657 0 0 10.9163 3.01389 0.523311 0.49669 0.98962 0
49 5000.00 1256.00 100.000000 49.1902 3.56768 13.9257 2.06076 0 9.0588 0.200398 6.05657 0 0 10.9163 3.01389 0.523311 0.49669 0.98962 0
48 2000.00 1259.00 100.000000 49.1902 3.56768 13.9257 2.06076 0 9.0588 0.200398 6.05657 0 0 10.9163 3.01389 0.523311 0.49669 0.98962 0
50 3500.00 1253.00 100.000000 49.1902 3.56768 13.9257 2.06076 0 9.0588 0.200398 6.05657 0 0 10.9163 3.01389 0.523311 0.49669 0.98962 0
49 2000.00 1256.00 100.000000 49.1902 3.56768 13.9257 2.06076 0 9.0588 0.200398 6.05657 0 0 10.9163 3.01389 0.523311 0.49669 0.98962 0
51 5000.00 1250.00 100.000000 49.1902 3.56768 13.9257 2.06076 0 9.0588 0.200398 6.05657 0 0 10.9163 3.01389 0.523311 0.49669 0.98962 0
50 2000.00 1253.00 100.000000 49.1902 3.56768 13.9257 2.06076 0 9.0588 0.200398 6.05657 0 0 10.9163 3.01389 0.523311 0.49669 0.98962 0
52 5000.00 1247.00 100.000000 49.1902 3.56768 13.9257 2.06076 0 9.0588 0.200398 6.05657 0 0 10.9163 3.01389 0.523311 0.49669 0.98962 0
52 3500.00 1247.00 100.000000 49.1902 3.56768 13.9257 2.06076 0 9.0588 0.200398 6.05657 0 0 10.9163 3.01389 0.523311 0.49669 0.98962 0
51 2000.00 1250.00 100.000000 49.1902 3.56768 13.9257 2.06076 0 9.0588 0.200398 6.05657 0 0 10.9163 3.01389 0.523311 0.49669 0.98962 0
53 5000.00 1244.00 100.000000 49.1902 3.56768 13.9257 2.06076 0 9.0588 0.200398 6.05657 0 0 10.9163 3.01389 0.523311 0.49669 0.98962 0
53 3500.00 1244.00 100.000000 49.1902 3.56768 13.9257 2.06076 0 9.0588 0.200398 6.05657 0 0 10.9163 3.01389 0.523311 0.49669 0.98962 0
54 1000.00 1241.00 100.000000 49.1902 3.56768 13.9257 2.06076 0 9.0588 0.200398 6.05657 0 0 10.9163 3.01389 0.523311 0.49669 0.98962 0
54 5000.00 1241.00 100.000000 49.1902 3.56768 13.9257 2.06076 0 9.0588 0.200398 6.05657 0 0 10.9163 3.01389 0.523311 0.49669 0.98962 0
54 3500.00 1241.00 100.000000 49.1902 3.56768 13.9257 2.06076 0 9.0588 0.200398 6.05657 0 0 10.9163 3.01389 0.523311 0.49669 0.98962 0
55 5000.00 1238.00 100.000000 49.1902 3.56768 13.9257 2.06076 0 9.0588 0.200398 6.05657 0 0 10.9163 3.01389 0.523311 0.49669 0.98962 0
55 3500.00 1238.00 100.000000 49.1902 3.56768 13.9257 2.06076 0 9.0588 0.200398 6.05657 0 0 10.9163 3.01389 0.523311 0.49669 0.98962 0
54 2000.00 1241.00 100.000000 49.1902 3.56768 13.9257 2.06076 0 9.0588 0.200398 6.05657 0 0 10.9163 3.01389 0.523311 0.49669 0.98962 0
56 5000.00 1235.00 100.000000 49.1902 3.56768 13.9257 2.06076 0 9.0588 0.200398 6.05657 0 0 10.9163 3.01389 0.523311 0.49669 0.98962 0
56 3500.00 1235.00 100.000000 49.1902 3.56768 13.9257 2.06076 0 9.0588 0.200398 6.05657 0 0 10.9163 3.01389 0.523311 0.49669 0.98962 0
55 2000.00 1238.00 100.000000 49.1902 3.56768 13.9257 2.06076 0 9.0588 0.200398 6.05657 0 0 10.9163 3.01389 0.523311 0.49669 0.98962 0
57 5000.00 1232.00 100.000000 49.1902 3.56768 13.9257 2.06076 0 9.0588 0.200398 6.05657 0 0 10.9163 3.01389 0.523311 0.49669 0.98962 0
57 3500.00 1232.00 100.000000 49.1902 3.56768 13.9257 2.06076 0 9.0588 0.200398 6.05657 0 0 10.9163 3.01389 0.523311 0.49669 0.98962 0
58 5000.00 1229.00 100.000000 49.1902 3.56768 13.9257 2.06076 0 9.0588 0.200398 6.05657 0 0 10.9163 3.01389 0.523311 0.49669 0.98962 0
58 3500.00 1229.00 100.000000 49.1902 3.56768 13.9257 2.06076 0 9.0588 0.200398 6.05657 0 0 10.9163 3.01389 0.523311 0.49669 0.98962 0
57 2000.00 1232.00 100.000000 49.1902 3.56768 13.9257 2.06076 0 9.0588 0.200398 6.05657 0 0 10.9163 3.01389 0.523311 0.49669 0.98962 0
59 3500.00 1226.00 100.000000 49.1902 3.56768 13.9257 2.06076 0 9.0588 0.200398 6.05657 0 0 10.9163 3.01389 0.523311 0.49669 0.98962 0
58 2000.00 1229.00 100.000000 49.1902 3.56768 13.9257 2.06076 0 9.0588 0.200398 6.05657 0 0 10.9163 3.01389 0.523311 0.49669 0.98962 0
60 3500.00 1223.00 100.000000 49.1902 3.56768 13.9257 2.06076 0 9.0588 0.200398 6.05657 0 0 10.9163 3.01389 0.523311 0.49669 0.98962 0
59 2000.00 1226.00 100.000000 49.1902 3.56768 13.9257 2.06076 0 9.0588 0.200398 6.05657 0 0 10.9163 3.01389 0.523311 0.49669 0.98962 0
61 3500.00 1220.00 100.000000 49.1902 3.56768 13.9257 2.06076 0 9.0588 0.200398 6.05657 0 0 10.9163 3.01389 0.523311 0.49669 0.98962 0
61 5000.00 1220.00 100.000000 49.1902 3.56768 13.9257 2.06076 0 9.0588 0.200398 6.05657 0 0 10.9163 3.01389 0.523311 0.49669 0.98962 0
60 2000.00 1223.00 100.000000 49.1902 3.56768 13.9257 2.06076 0 9.0588 0.200398 6.05657 0 0 10.9163 3.01389 0.523311 0.49669 0.98962 0
62 1000.00 1217.00 100.000000 49.1902 3.56768 13.9257 2.06076 0 9.0588 0.200398 6.05657 0 0 10.9163 3.01389 0.523311 0.49669 0.98962 0
62 3500.00 1217.00 100.000000 49.1902 3.56768 13.9257 2.06076 0 9.0588 0.200398 6.05657 0 0 10.9163 3.01389 0.523311 0.49669 0.98962 0
61 2000.00 1220.00 100.000000 49.1902 3.56768 13.9257 2.06076 0 9.0588 0.200398 6.05657 0 0 10.9163 3.01389 0.523311 0.49669 0.98962 0
63 1000.00 1214.00 100.000000 49.1902 3.56768 13.9257 2.06076 0 9.0588 0.200398 6.05657 0 0 10.9163 3.01389 0.523311 0.49669 0.98962 0
63 3500.00 1214.00 100.000000 49.1902 3.56768 13.9257 2.06076 0 9.0588 0.200398 6.05657 0 0 10.9163 3.01389 0.523311 0.49669 0.98962 0
64 1000.00 1211.00 100.000000 49.1902 3.56768 13.9257 2.06076 0 9.0588 0.200398 6.05657 0 0 10.9163 3.01389 0.523311 0.49669 0.98962 0
64 5000.00 1211.00 100.000000 49.1902 3.56768 13.9257 2.06076 0 9.0588 0.200398 6.05657 0 0 10.9163 3.01389 0.523311 0.49669 0.98962 0
63 2000.00 1214.00 100.000000 49.1902 3.56768 13.9257 2.06076 0 9.0588 0.200398 6.05657 0 0 10.9163 3.01389 0.523311 0.49669 0.98962 0
65 3500.00 1208.00 100.000000 49.1902 3.56768 13.9257 2.06076 0 9.0588 0.200398 6.05657 0 0 10.9163 3.01389 0.523311 0.49669 0.98962 0
66 1000.00 1205.00 100.000000 49.1902 3.56768 13.9257 2.06076 0 9.0588 0.200398 6.05657 0 0 10.9163 3.01389 0.523311 0.49669 0.98962 0
66 5000.00 1205.00 100.000000 49.1902 3.56768 13.9257 2.06076 0 9.0588 0.200398 6.05657 0 0 10.9163 3.01389 0.523311 0.49669 0.98962 0
67 1000.00 1202.00 100.000000 49.1902 3.56768 13.9257 2.06076 0 9.0588 0.200398 6.05657 0 0 10.9163 3.01389 0.523311 0.49669 0.98962 0
67 5000.00 1202.00 100.000000 49.1902 3.56768 13.9257 2.06076 0 9.0588 0.200398 6.05657 0 0 10.9163 3.01389 0.523311 0.49669 0.98962 0
66 2000.00 1205.00 100.000000 49.1902 3.56768 13.9257 2.06076 0 9.0588 0.200398 6.05657 0 0 10.9163 3.01389 0.523311 0.49669 0.98962 0
68 3500.00 1199.00 100.000000 49.1902 3.56768 13.9257 2.06076 0 9.0588 0.200398 6.05657 0 0 10.9163 3.01389 0.523311 0.49669 0.98962 0
68 5000.00 1199.00 100.000000 49.1902 3.56768 13.9257 2.06076 0 9.0588 0.200398 6.05657 0 0 10.9163 3.01389 0.523311 0.49669 0.98962 0
69 1000.00 1196.00 100.000000 49.1902 3.56768 13.9257 2.06076 0 9.0588 0.200398 6.05657 0 0 10.9163 3.01389 0.523311 0.49669 0.98962 0
69 3500.00 1196.00 100.000000 49.1902 3.56768 13.9257 2.06076 0 9.0588 0.200398 6.05657 0 0 10.9163 3.01389 0.523311 0.49669 0.98962 0
69 5000.00 1196.00 100.000000 49.1902 3.56768 13.9257 2.06076 0 9.0588 0.200398 6.05657 0 0 10.9163 3.01389 0.523311 0.49669 0.98962 0
70 1000.00 1193.00 100.000000 49.1902 3.56768 13.9257 2.06076 0 9.0588 0.200398 6.05657 0 0 10.9163 3.01389 0.523311 0.49669 0.98962 0
71 3500.00 1190.00 100.000000 49.1902 3.56768 13.9257 2.06076 0 9.0588 0.200398 6.05657 0 0 10.9163 3.01389 0.523311 0.49669 0.98962 0
70 2000.00 1193.00 100.000000 49.1902 3.56768 13.9257 2.06076 0 9.0588 0.200398 6.05657 0 0 10.9163 3.01389 0.523311 0.49669 0.98962 0
72 1000.00 1187.00 100.000000 49.1902 3.56768 13.9257 2.06076 0 9.0588 0.200398 6.05657 0 0 10.9163 3.01389 0.523311 0.49669 0.98962 00
71 2000.00 1190.00 100.000000 49.1902 3.56768 13.9257 2.06076 0 9.0588 0.200398 6.05657 0 0 10.9163 3.01389 0.523311 0.49669 0.98962 0
73 1000.00 1184.00 100.000000 49.1902 3.56768 13.9257 2.06076 0 9.0588 0.200398 6.05657 0 0 10.9163 3.01389 0.523311 0.49669 0.98962 0
72 2000.00 1187.00 100.000000 49.1902 3.56768 13.9257 2.06076 0 9.0588 0.200398 6.05657 0 0 10.9163 3.01389 0.523311 0.49669 0.98962 0
74 1000.00 1181.00 100.000000 49.1902 3.56768 13.9257 2.06076 0 9.0588 0.200398 6.05657 0 0 10.9163 3.01389 0.523311 0.49669 0.98962 0
73 2000.00 1184.00 100.000000 49.1902 3.56768 13.9257 2.06076 0 9.0588 0.200398 6.05657 0 0 10.9163 3.01389 0.523311 0.49669 0.98962 0 0
75 1000.00 1178.00 100.000000 49.1902 3.56768 13.9257 2.06076 0 9.0588 0.200398 6.05657 0 0 10.9163 3.01389 0.523311 0.49669 0.98962 0
74 2000.00 1181.00 100.000000 49.1902 3.56768 13.9257 2.06076 0 9.0588 0.200398 6.05657 0 0 10.9163 3.01389 0.523311 0.49669 0.98962 0
76 1000.00 1175.00 100.000000 49.1902 3.56768 13.9257 2.06076 0 9.0588 0.200398 6.05657 0 0 10.9163 3.01389 0.523311 0.49669 0.98962 0
72 5000.00 1195.00 100.000000 49.1902 3.56768 13.9257 2.06076 0 9.0588 0.200398 6.05657 0 0 10.9163 3.01389 0.523311 0.49669 0.98962 0
77 1000.00 1172.00 100.000000 49.1902 3.56768 13.9257 2.06076 0 9.0588 0.200398 6.05657 0 0 10.9163 3.01389 0.523311 0.49669 0.98962 0
77 3500.00 1172.00 100.000000 49.1902 3.56768 13.9257 2.06076 0 9.0588 0.200398 6.05657 0 0 10.9163 3.01389 0.523311 0.49669 0.98962 0
76 2000.00 1175.00 100.000000 49.1902 3.56768 13.9257 2.06076 0 9.0588 0.200398 6.05657 0 0 10.9163 3.01389 0.523311 0.49669 0.98962 0
78 1000.00 1169.00 100.000000 49.1902 3.56768 13.9257 2.06076 0 9.0588 0.200398 6.05657 0 0 10.9163 3.01389 0.523311 0.49669 0.98962 0
73 5000.00 1194.00 99.580544 49.1922 3.57587 13.9587 2.05906 0 9.07305 0.201242 6.01901 0 0 10.8777 3.02509 0.525515 0.498782 0.993788 0
77 2000.00 1172.00 100.000000 49.1902 3.56768 13.9257 2.06076 0 9.0588 0.200398 6.05657 0 0 10.9163 3.01389 0.523311 0.49669 0.98962 0
79 1000.00 1166.00 100.000000 49.1902 3.56768 13.9257 2.06076 0 9.0588 0.200398 6.05657 0 0 10.9163 3.01389 0.523311 0.49669 0.98962 0
78 2000.00 1169.00 100.000000 49.1902 3.56768 13.9257 2.06076 0 9.0588 0.200398 6.05657 0 0 10.9163 3.01389 0.523311 0.49669 0.98962 0
80 1000.00 1163.00 100.000000 49.1902 3.56768 13.9257 2.06076 0 9.0588 0.200398 6.05657 0 0 10.9163 3.01389 0.523311 0.49669 0.98962 0
79 2000.00 1166.00 100.000000 49.1902 3.56768 13.9257 2.06076 0 9.0588 0.200398 6.05657 0 0 10.9163 3.01389 0.523311 0.49669 0.98962 0
81 1000.00 1160.00 100.000000 49.1902 3.56768 13.9257 2.06076 0 9.0588 0.200398 6.05657 0 0 10.9163 3.01389 0.523311 0.49669 0.98962 0
80 2000.00 1163.00 100.000000 49.1902 3.56768 13.9257 2.06076 0 9.0588 0.200398 6.05657 0 0 10.9163 3.01389 0.523311 0.49669 0.98962 0
82 1000.00 1157.00 100.000000 49.1902 3.56768 13.9257 2.06076 0 9.0588 0.200398 6.05657 0 0 10.9163 3.01389 0.523311 0.49669 0.98962 0
81 2000.00 1160.00 100.000000 49.1902 3.56768 13.9257 2.06076 0 9.0588 0.200398 6.05657 0 0 10.9163 3.01389 0.523311 0.49669 0.98962 0
75 5000.00 1194.20 99.671838 49.1917 3.5741 13.9515 2.05943 0 9.06995 0.201058 6.02718 0 0 10.8861 3.02265 0.525034 0.498326 0.992878 0
79 3500.00 1170.00 99.894658 49.191 3.5695 13.934 2.06035 0 9.06255 0.200609 6.04741 0 0 10.9061 3.01673 0.523863 0.497214 0.990664 0
83 1000.00 1154.00 100.000000 49.1902 3.56768 13.9257 2.06076 0 9.0588 0.200398 6.05657 0 0 10.9163 3.01389 0.523311 0.49669 0.98962 0
82 2000.00 1157.00 100.000000 49.1902 3.56768 13.9257 2.06076 0 9.0588 0.200398 6.05657 0 0 10.9163 3.01389 0.523311 0.49669 0.98962 0
84 1000.00 1151.00 100.000000 49.1902 3.56768 13.9257 2.06076 0 9.0588 0.200398 6.05657 0 0 10.9163 3.01389 0.523311 0.49669 0.98962 0
83 2000.00 1154.00 100.000000 49.1902 3.56768 13.9257 2.06076 0 9.0588 0.200398 6.05657 0 0 10.9163 3.01389 0.523311 0.49669 0.98962 0
80 3500.00 1171.00 100.000000 49.1902 3.56768 13.9257 2.06076 0 9.0588 0.200398 6.05657 0 0 10.9163 3.01389 0.523311 0.49669 0.98962 00
84 2000.00 1151.00 100.000000 49.1902 3.56768 13.9257 2.06076 0 9.0588 0.200398 6.05657 0 0 10.9163 3.01389 0.523311 0.49669 0.98962 0
86 1000.00 1145.00 100.000000 49.1902 3.56768 13.9257 2.06076 0 9.0588 0.200398 6.05657 0 0 10.9163 3.01389 0.523311 0.49669 0.98962 0
85 2000.00 1148.00 100.000000 49.1902 3.56768 13.9257 2.06076 0 9.0588 0.200398 6.05657 0 0 10.9163 3.01389 0.523311 0.49669 0.98962 0
87 1000.00 1142.00 100.000000 49.1902 3.56768 13.9257 2.06076 0 9.0588 0.200398 6.05657 0 0 10.9163 3.01389 0.523311 0.49669 0.98962 0
86 2000.00 1145.00 100.000000 49.1902 3.56768 13.9257 2.06076 0 9.0588 0.200398 6.05657 0 0 10.9163 3.01389 0.523311 0.49669 0.98962 0
77 5000.00 1194.40 99.763229 49.1913 3.57232 13.9444 2.05981 0 9.06685 0.200874 6.03537 0 0 10.8946 3.0202 0.524553 0.497869 0.991969 0
89 1000.00 1136.00 100.000000 49.1902 3.56768 13.9257 2.06076 0 9.0588 0.200398 6.05657 0 0 10.9163 3.01389 0.523311 0.49669 0.98962 0
81 3500.00 1170.00 99.894658 49.191 3.5695 13.934 2.06035 0 9.06255 0.200609 6.04741 0 0 10.9061 3.01673 0.523863 0.497214 0.990664 0
90 1000.00 1133.00 100.000000 49.1902 3.56768 13.9257 2.06076 0 9.0588 0.200398 6.05657 0 0 10.9163 3.01389 0.523311 0.49669 0.98962 0
78 5000.00 1194.50 99.808962 49.1911 3.57143 13.9408 2.05999 0 9.0653 0.200782 6.03946 0 0 10.8988 3.01898 0.524313 0.497641 0.991514 0
91 1000.00 1130.00 100.000000 49.1902 3.56768 13.9257 2.06076 0 9.0588 0.200398 6.05657 0 0 10.9163 3.01389 0.523311 0.49669 0.98962 0
87 2000.00 1142.00 98.678734 49.2091 3.5848 14.0265 2.05501 0 9.10787 0.203081 5.94606 0 0 10.7807 3.05041 0.530318 0.503341 1.00287 0
82 3500.00 1170.10 99.940844 49.1907 3.5687 13.9304 2.06053 0 9.06091 0.200517 6.05143 0 0 10.9106 3.01548 0.523621 0.496984 0.990206 0
79 5000.00 1194.60 99.854720 49.1909 3.57053 13.9372 2.06018 0 9.06374 0.20069 6.04356 0 0 10.903 3.01776 0.524072 0.497413 0.99106 0
88 2000.00 1143.00 99.145798 49.2016 3.57912 13.9911 2.05716 0 9.09054 0.202125 5.98503 0 0 10.829 3.0374 0.52782 0.50097 0.998146 0
92 1000.00 1127.00 99.760287 49.1942 3.57027 13.9437 2.05973 0 9.068 0.20088 6.03707 0 0 10.8912 3.0205 0.524568 0.497884 0.991998 0
83 3500.00 1170.20 99.987051 49.1903 3.5679 13.9267 2.06071 0 9.05926 0.200424 6.05545 0 0 10.915 3.01424 0.523379 0.496755 0.989748 0
80 5000.00 1194.70 99.900503 49.1907 3.56963 13.9336 2.06036 0 9.06219 0.200598 6.04766 0 0 10.9072 3.01654 0.523832 0.497185 0.990606 0
93 1000.00 1128.00 100.000000 49.1902 3.56768 13.9257 2.06076 0 9.0588 0.200398 6.05657 0 0 10.9163 3.01389 0.523311 0.49669 0.98962 0
84 3500.00 1170.30 100.000000 49.1902 3.56768 13.9257 2.06076 0 9.0588 0.200398 6.05657 0 0 10.9163 3.01389 0.523311 0.49669 0.98962 0
81 5000.00 1194.80 99.946310 49.1905 3.56873 13.93 2.06054 0 9.06063 0.200506 6.05176 0 0 10.9114 3.01532 0.523592 0.496957 0.990152 0
94 1000.00 1127.00 99.760287 49.1942 3.57027 13.9437 2.05973 0 9.068 0.20088 6.03707 0 0 10.8912 3.0205 0.524568 0.497884 0.991998 0
90 2000.00 1145.00 100.000000 49.1902 3.56768 13.9257 2.06076 0 9.0588 0.200398 6.05657 0 0 10.9163 3.01389 0.523311 0.49669 0.98962 0
85 3500.00 1170.20 99.987051 49.1903 3.5679 13.9267 2.06071 0 9.05926 0.200424 6.05545 0 0 10.915 3.01424 0.523379 0.496755 0.989748 0
82 5000.00 1194.90 99.992143 49.1903 3.56783 13.9264 2.06073 0 9.05907 0.200414 6.05587 0 0 10.9156 3.0141 0.523352 0.496729 0.989698 0
95 1000.00 1127.10 99.808320 49.1934 3.56976 13.9401 2.05994 0 9.06616 0.200783 6.04098 0 0 10.8962 3.01917 0.524316 0.497644 0.99152 0
86 3500.00 1175.20 100.000000 49.1902 3.56768 13.9257 2.06076 0 9.0588 0.200398 6.05657 0 0 10.9163 3.01389 0.523311 0.49669 0.98962 0
83 5000.00 1195.00 100.000000 49.1902 3.56768 13.9257 2.06076 0 9.0588 0.200398 6.05657 0 0 10.9163 3.01389 0.523311 0.49669 0.98962 0
87 3500.00 1170.30 100.000000 49.1902 3.56768 13.9257 2.06076 0 9.0588 0.200398 6.05657 0 0 10.9163 3.01389 0.523311 0.49669 0.98962 0
88 3500.00 1175.30 100.000000 49.1902 3.56768 13.9257 2.06076 0 9.0588 0.200398 6.05657 0 0 10.9163 3.01389 0.523311 0.49669 0.98962 0
89 3500.00 1170.40 100.000000 49.1902 3.56768 13.9257 2.06076 0 9.0588 0.200398 6.05657 0 0 10.9163 3.01389 0.523311 0.49669 0.98962 0
96 1000.00 1127.20 99.856362 49.1926 3.56925 13.9365 2.06015 0 9.06432 0.200686 6.04488 0 0 10.9013 3.01785 0.524064 0.497405 0.991043 0
92 2000.00 1144.10 99.661245 49.1944 3.57237 13.9517 2.05939 0 9.0714 0.201079 6.02816 0 0 10.8819 3.02317 0.52509 0.498379 0.992984 0
90 3500.00 1175.40 100.000000 49.1902 3.56768 13.9257 2.06076 0 9.0588 0.200398 6.05657 0 0 10.9163 3.01389 0.523311 0.49669 0.98962 0
84 5000.00 1194.90 99.992143 49.1903 3.56783 13.9264 2.06073 0 9.05907 0.200414 6.05587 0 0 10.9156 3.0141 0.523352 0.496729 0.989698 0
91 3500.00 1170.50 100.000000 49.1902 3.56768 13.9257 2.06076 0 9.0588 0.200398 6.05657 0 0 10.9163 3.01389 0.523311 0.49669 0.98962 0
93 2000.00 1144.20 99.708194 49.1938 3.57173 13.9481 2.05958 0 9.06965 0.200985 6.0321 0 0 10.8866 3.02188 0.524843 0.498144 0.992516 0
97 1000.00 1127.30 99.904413 49.1918 3.56873 13.9329 2.06035 0 9.06247 0.20059 6.04879 0 0 10.9063 3.01652 0.523812 0.497165 0.990567 0
85 5000.00 1199.90 100.000000 49.1902 3.56768 13.9257 2.06076 0 9.0588 0.200398 6.05657 0 0 10.9163 3.01389 0.523311 0.49669 0.98962 0
93 3500.00 1170.60 100.000000 49.1902 3.56768 13.9257 2.06076 0 9.0588 0.200398 6.05657 0 0 10.9163 3.01389 0.523311 0.49669 0.98962 0
86 5000.00 1195.00 100.000000 49.1902 3.56768 13.9257 2.06076 0 9.0588 0.200398 6.05657 0 0 10.9163 3.01389 0.523311 0.49669 0.98962 0
94 3500.00 1175.60 100.000000 49.1902 3.56768 13.9257 2.06076 0 9.0588 0.200398 6.05657 0 0 10.9163 3.01389 0.523311 0.49669 0.98962 0
94 2000.00 1144.30 99.755160 49.1932 3.57109 13.9445 2.05977 0 9.06791 0.20089 6.03603 0 0 10.8914 3.02059 0.524595 0.497909 0.992049 0
98 1000.00 1127.40 99.952472 49.191 3.5682 13.9293 2.06056 0 9.06063 0.200493 6.0527 0 0 10.9113 3.0152 0.52356 0.496926 0.990091 02 0
95 3500.00 1170.70 100.000000 49.1902 3.56768 13.9257 2.06076 0 9.0588 0.200398 6.05657 0 0 10.9163 3.01389 0.523311 0.49669 0.98962 0
95 2000.00 1144.40 99.802141 49.1926 3.57044 13.9409 2.05996 0 9.06616 0.200795 6.03997 0 0 10.8962 3.0193 0.524348 0.497675 0.991582 0
96 3500.00 1175.70 100.000000 49.1902 3.56768 13.9257 2.06076 0 9.0588 0.200398 6.05657 0 0 10.9163 3.01389 0.523311 0.49669 0.98962 0
89 5000.00 1200.10 100.000000 49.1902 3.56768 13.9257 2.06076 0 9.0588 0.200398 6.05657 0 0 10.9163 3.01389 0.523311 0.49669 0.98962 0
99 1000.00 1127.50 100.000000 49.1902 3.56768 13.9257 2.06076 0 9.0588 0.200398 6.05657 0 0 10.9163 3.01389 0.523311 0.49669 0.98962 0
97 3500.00 1170.80 100.000000 49.1902 3.56768 13.9257 2.06076 0 9.0588 0.200398 6.05657 0 0 10.9163 3.01389 0.523311 0.49669 0.98962 0
90 5000.00 1195.20 100.000000 49.1902 3.56768 13.9257 2.06076 0 9.0588 0.200398 6.05657 0 0 10.9163 3.01389 0.523311 0.49669 0.98962 0
98 3500.00 1175.80 100.000000 49.1902 3.56768 13.9257 2.06076 0 9.0588 0.200398 6.05657 0 0 10.9163 3.01389 0.523311 0.49669 0.98962 0
91 5000.00 1200.20 100.000000 49.1902 3.56768 13.9257 2.06076 0 9.0588 0.200398 6.05657 0 0 10.9163 3.01389 0.523311 0.49669 0.98962 0
99 3500.00 1170.90 100.000000 49.1902 3.56768 13.9257 2.06076 0 9.0588 0.200398 6.05657 0 0 10.9163 3.01389 0.523311 0.49669 0.98962 0
92 5000.00 1195.30 100.000000 49.1902 3.56768 13.9257 2.06076 0 9.0588 0.200398 6.05657 0 0 10.9163 3.01389 0.523311 0.49669 0.98962 0
100 3500.00 1175.90 100.000000 49.1902 3.56768 13.9257 2.06076 0 9.0588 0.200398 6.05657 0 0 10.9163 3.01389 0.523311 0.49669 0.98962 0
100 1000.00 1127.40 99.952472 49.191 3.5682 13.9293 2.06056 0 9.06063 0.200493 6.0527 0 0 10.9113 3.0152 0.52356 0.496926 0.990091 0
93 5000.00 1200.30 100.000000 49.1902 3.56768 13.9257 2.06076 0 9.0588 0.200398 6.05657 0 0 10.9163 3.01389 0.523311 0.49669 0.98962 0
101 3500.00 1171.00 100.000000 49.1902 3.56768 13.9257 2.06076 0 9.0588 0.200398 6.05657 0 0 10.9163 3.01389 0.523311 0.49669 0.98962 0
97 2000.00 1144.60 99.896150 49.1915 3.56914 13.9337 2.06034 0 9.06267 0.200606 6.04786 0 0 10.9058 3.01673 0.523855 0.497207 0.990649 0
94 5000.00 1195.40 100.000000 49.1902 3.56768 13.9257 2.06076 0 9.0588 0.200398 6.05657 0 0 10.9163 3.01389 0.523311 0.49669 0.98962 0
102 3500.00 1176.00 100.000000 49.1902 3.56768 13.9257 2.06076 0 9.0588 0.200398 6.05657 0 0 10.9163 3.01389 0.523311 0.49669 0.98962 0
95 5000.00 1200.40 100.000000 49.1902 3.56768 13.9257 2.06076 0 9.0588 0.200398 6.05657 0 0 10.9163 3.01389 0.523311 0.49669 0.98962 0
102 1000.00 1127.50 100.000000 49.1902 3.56768 13.9257 2.06076 0 9.0588 0.200398 6.05657 0 0 10.9163 3.01389 0.523311 0.49669 0.98962 0
96 5000.00 1195.50 100.000000 49.1902 3.56768 13.9257 2.06076 0 9.0588 0.200398 6.05657 0 0 10.9163 3.01389 0.523311 0.49669 0.98962 0
104 3500.00 1176.10 100.000000 49.1902 3.56768 13.9257 2.06076 0 9.0588 0.200398 6.05657 0 0 10.9163 3.01389 0.523311 0.49669 0.98962 0
97 5000.00 1200.50 100.000000 49.1902 3.56768 13.9257 2.06076 0 9.0588 0.200398 6.05657 0 0 10.9163 3.01389 0.523311 0.49669 0.98962 0
104 1000.00 1127.60 100.000000 49.1902 3.56768 13.9257 2.06076 0 9.0588 0.200398 6.05657 0 0 10.9163 3.01389 0.523311 0.49669 0.98962 0
98 5000.00 1195.60 100.000000 49.1902 3.56768 13.9257 2.06076 0 9.0588 0.200398 6.05657 0 0 10.9163 3.01389 0.523311 0.49669 0.98962 0
106 3500.00 1176.20 100.000000 49.1902 3.56768 13.9257 2.06076 0 9.0588 0.200398 6.05657 0 0 10.9163 3.01389 0.523311 0.49669 0.98962 0
99 2000.00 1144.80 99.990223 49.1904 3.56782 13.9265 2.06072 0 9.05917 0.200418 6.05575 0 0 10.9153 3.01415 0.523362 0.496739 0.989717 0
106 1000.00 1127.70 100.000000 49.1902 3.56768 13.9257 2.06076 0 9.0588 0.200398 6.05657 0 0 10.9163 3.01389 0.523311 0.49669 0.98962 0
100 5000.00 1195.70 100.000000 49.1902 3.56768 13.9257 2.06076 0 9.0588 0.200398 6.05657 0 0 10.9163 3.01389 0.523311 0.49669 0.98962 0
107 1000.00 1132.70 100.000000 49.1902 3.56768 13.9257 2.06076 0 9.0588 0.200398 6.05657 0 0 10.9163 3.01389 0.523311 0.49669 0.98962 0
101 5000.00 1200.70 100.000000 49.1902 3.56768 13.9257 2.06076 0 9.0588 0.200398 6.05657 0 0 10.9163 3.01389 0.523311 0.49669 0.98962 0
109 3500.00 1171.40 100.000000 49.1902 3.56768 13.9257 2.06076 0 9.0588 0.200398 6.05657 0 0 10.9163 3.01389 0.523311 0.49669 0.98962 0
100 2000.00 1144.90 100.000000 49.1902 3.56768 13.9257 2.06076 0 9.0588 0.200398 6.05657 0 0 10.9163 3.01389 0.523311 0.49669 0.98962 0
102 5000.00 1195.80 100.000000 49.1902 3.56768 13.9257 2.06076 0 9.0588 0.200398 6.05657 0 0 10.9163 3.01389 0.523311 0.49669 0.98962 0
110 3500.00 1176.40 100.000000 49.1902 3.56768 13.9257 2.06076 0 9.0588 0.200398 6.05657 0 0 10.9163 3.01389 0.523311 0.49669 0.98962 0
103 5000.00 1200.80 100.000000 49.1902 3.56768 13.9257 2.06076 0 9.0588 0.200398 6.05657 0 0 10.9163 3.01389 0.523311 0.49669 0.98962 0
111 3500.00 1171.50 100.000000 49.1902 3.56768 13.9257 2.06076 0 9.0588 0.200398 6.05657 0 0 10.9163 3.01389 0.523311 0.49669 0.98962 0
104 5000.00 1195.90 100.000000 49.1902 3.56768 13.9257 2.06076 0 9.0588 0.200398 6.05657 0 0 10.9163 3.01389 0.523311 0.49669 0.98962 0
112 3500.00 1176.50 100.000000 49.1902 3.56768 13.9257 2.06076 0 9.0588 0.200398 6.05657 0 0 10.9163 3.01389 0.523311 0.49669 0.98962 0
101 2000.00 1144.80 99.990223 49.1904 3.56782 13.9265 2.06072 0 9.05917 0.200418 6.05575 0 0 10.9153 3.01415 0.523362 0.496739 0.989717 0
111 1000.00 1132.90 100.000000 49.1902 3.56768 13.9257 2.06076 0 9.0588 0.200398 6.05657 0 0 10.9163 3.01389 0.523311 0.49669 0.98962 0
113 3500.00 1171.60 100.000000 49.1902 3.56768 13.9257 2.06076 0 9.0588 0.200398 6.05657 0 0 10.9163 3.01389 0.523311 0.49669 0.98962 0
102 2000.00 1149.80 100.000000 49.1902 3.56768 13.9257 2.06076 0 9.0588 0.200398 6.05657 0 0 10.9163 3.01389 0.523311 0.49669 0.98962 0
114 3500.00 1170.35 100.000000 49.1902 3.56768 13.9257 2.06076 0 9.0588 0.200398 6.05657 0 0 10.9163 3.01389 0.523311 0.49669 0.98962 0
103 2000.00 1144.90 100.000000 49.1902 3.56768 13.9257 2.06076 0 9.0588 0.200398 6.05657 0 0 10.9163 3.01389 0.523311 0.49669 0.98962 0
108 5000.00 1196.10 100.000000 49.1902 3.56768 13.9257 2.06076 0 9.0588 0.200398 6.05657 0 0 10.9163 3.01389 0.523311 0.49669 0.98962 0
105 2000.00 1145.00 100.000000 49.1902 3.56768 13.9257 2.06076 0 9.0588 0.200398 6.05657 0 0 10.9163 3.01389 0.523311 0.49669 0.98962 0
106 2000.00 1150.00 100.000000 49.1902 3.56768 13.9257 2.06076 0 9.0588 0.200398 6.05657 0 0 10.9163 3.01389 0.523311 0.49669 0.98962 0
115 3500.00 1168.35 99.134210 49.1976 3.58228 13.9932 2.05722 0 9.08952 0.202148 5.98133 0 0 10.8321 3.03742 0.527881 0.501028 0.998263 0
107 2000.00 1145.10 100.000000 49.1902 3.56768 13.9257 2.06076 0 9.0588 0.200398 6.05657 0 0 10.9163 3.01389 0.523311 0.49669 0.98962 0
111 5000.00 1201.20 100.000000 49.1902 3.56768 13.9257 2.06076 0 9.0588 0.200398 6.05657 0 0 10.9163 3.01389 0.523311 0.49669 0.98962 0
108 2000.00 1150.10 100.000000 49.1902 3.56768 13.9257 2.06076 0 9.0588 0.200398 6.05657 0 0 10.9163 3.01389 0.523311 0.49669 0.98962 0
116 3500.00 1166.34 98.220264 49.2081 3.59666 14.064 2.05305 0 9.12176 0.204029 5.90207 0 0 10.7417 3.06265 0.532793 0.50569 1.00755 0
119 1000.00 1133.30 100.000000 49.1902 3.56768 13.9257 2.06076 0 9.0588 0.200398 6.05657 0 0 10.9163 3.01389 0.523311 0.49669 0.98962 0
120 1000.00 1128.40 100.000000 49.1902 3.56768 13.9257 2.06076 0 9.0588 0.200398 6.05657 0 0 10.9163 3.01389 0.523311 0.49669 0.98962 0
117 3500.00 1164.34 97.314057 49.2214 3.60973 14.1336 2.04844 0 9.15352 0.205929 5.8237 0 0 10.6504 3.08804 0.537755 0.510399 1.01693 0
111 2000.00 1145.30 100.000000 49.1902 3.56768 13.9257 2.06076 0 9.0588 0.200398 6.05657 0 0 10.9163 3.01389 0.523311 0.49669 0.98962 0
114 5000.00 1193.06 99.151736 49.1947 3.58408 13.9924 2.05722 0 9.08756 0.202112 5.98061 0 0 10.838 3.03663 0.527788 0.50094 0.998086 0
122 1000.00 1128.50 100.000000 49.1902 3.56768 13.9257 2.06076 0 9.0588 0.200398 6.05657 0 0 10.9163 3.01389 0.523311 0.49669 0.98962 0
112 2000.00 1150.30 100.000000 49.1902 3.56768 13.9257 2.06076 0 9.0588 0.200398 6.05657 0 0 10.9163 3.01389 0.523311 0.49669 0.98962 0
118 3500.00 1162.34 96.415091 49.2378 3.62139 14.2021 2.04339 0 9.18481 0.207849 5.74623 0 0 10.5584 3.11363 0.542769 0.515158 1.02642 0
123 1000.00 1133.50 100.000000 49.1902 3.56768 13.9257 2.06076 0 9.0588 0.200398 6.05657 0 0 10.9163 3.01389 0.523311 0.49669 0.98962 0
115 5000.00 1191.07 98.252050 49.2015 3.60078 14.0627 2.05307 0 9.11782 0.203963 5.90009 0 0 10.7535 3.0611 0.532621 0.505527 1.00723 0
124 1000.00 1128.60 100.000000 49.1902 3.56768 13.9257 2.06076 0 9.0588 0.200398 6.05657 0 0 10.9163 3.01389 0.523311 0.49669 0.98962 0
114 2000.00 1150.40 100.000000 49.1902 3.56768 13.9257 2.06076 0 9.0588 0.200398 6.05657 0 0 10.9163 3.01389 0.523311 0.49669 0.98962 0
125 1000.00 1133.60 100.000000 49.1902 3.56768 13.9257 2.06076 0 9.0588 0.200398 6.05657 0 0 10.9163 3.01389 0.523311 0.49669 0.98962 0
119 3500.00 1160.33 95.522876 49.2575 3.63151 14.2693 2.03789 0 9.21565 0.209791 5.66967 0 0 10.4655 3.13943 0.547838 0.51997 1.036 0
115 2000.00 1145.50 100.000000 49.1902 3.56768 13.9257 2.06076 0 9.0588 0.200398 6.05657 0 0 10.9163 3.01389 0.523311 0.49669 0.98962 0
116 5000.00 1189.07 97.361459 49.2108 3.6165 14.1321 2.04854 0 9.1475 0.205829 5.82048 0 0 10.6685 3.08568 0.537493 0.510151 1.01644 0
127 1000.00 1133.70 100.000000 49.1902 3.56768 13.9257 2.06076 0 9.0588 0.200398 6.05657 0 0 10.9163 3.01389 0.523311 0.49669 0.98962 0
117 2000.00 1145.60 100.000000 49.1902 3.56768 13.9257 2.06076 0 9.0588 0.200398 6.05657 0 0 10.9163 3.01389 0.523311 0.49669 0.98962 0
129 1000.00 1127.55 100.000000 49.1902 3.56768 13.9257 2.06076 0 9.0588 0.200398 6.05657 0 0 10.9163 3.01389 0.523311 0.49669 0.98962 0
118 2000.00 1150.60 100.000000 49.1902 3.56768 13.9257 2.06076 0 9.0588 0.200398 6.05657 0 0 10.9163 3.01389 0.523311 0.49669 0.98962 0
119 2000.00 1145.70 100.000000 49.1902 3.56768 13.9257 2.06076 0 9.0588 0.200398 6.05657 0 0 10.9163 3.01389 0.523311 0.49669 0.98962 0
120 2000.00 1150.70 100.000000 49.1902 3.56768 13.9257 2.06076 0 9.0588 0.200398 6.05657 0 0 10.9163 3.01389 0.523311 0.49669 0.98962 0
121 2000.00 1145.80 100.000000 49.1902 3.56768 13.9257 2.06076 0 9.0588 0.200398 6.05657 0 0 10.9163 3.01389 0.523311 0.49669 0.98962 0
130 1000.00 1125.56 99.067104 49.2072 3.57699 13.9953 2.05654 0 9.09461 0.202285 5.98093 0 0 10.8178 3.03978 0.528239 0.501367 0.998939 0
122 2000.00 1150.80 100.000000 49.1902 3.56768 13.9257 2.06076 0 9.0588 0.200398 6.05657 0 0 10.9163 3.01389 0.523311 0.49669 0.98962 0
123 2000.00 1145.90 100.000000 49.1902 3.56768 13.9257 2.06076 0 9.0588 0.200398 6.05657 0 0 10.9163 3.01389 0.523311 0.49669 0.98962 0
124 2000.00 1150.90 100.000000 49.1902 3.56768 13.9257 2.06076 0 9.0588 0.200398 6.05657 0 0 10.9163 3.01389 0.523311 0.49669 0.98962 0
125 2000.00 1146.00 100.000000 49.1902 3.56768 13.9257 2.06076 0 9.0588 0.200398 6.05657 0 0 10.9163 3.01389 0.523311 0.49669 0.98962 0
119 5000.00 1183.10 94.740190 49.2534 3.65714 14.3338 2.03263 0 9.23308 0.211524 5.58696 0 0 10.41 3.16022 0.552364 0.524266 1.04456 0
126 2000.00 1151.00 100.000000 49.1902 3.56768 13.9257 2.06076 0 9.0588 0.200398 6.05657 0 0 10.9163 3.01389 0.523311 0.49669 0.98962 0
131 1000.00 1123.56 98.112193 49.2294 3.58415 14.0651 2.05157 0 9.13129 0.204254 5.90426 0 0 10.715 3.06673 0.53338 0.506247 1.00866 0
127 2000.00 1146.10 100.000000 49.1902 3.56768 13.9257 2.06076 0 9.0588 0.200398 6.05657 0 0 10.9163 3.01389 0.523311 0.49669 0.98962 0
128 2000.00 1151.10 100.000000 49.1902 3.56768 13.9257 2.06076 0 9.0588 0.200398 6.05657 0 0 10.9163 3.01389 0.523311 0.49669 0.98962 0
129 2000.00 1146.20 100.000000 49.1902 3.56768 13.9257 2.06076 0 9.0588 0.200398 6.05657 0 0 10.9163 3.01389 0.523311 0.49669 0.98962 0
132 1000.00 1121.57 97.158724 49.2568 3.58855 14.133 2.04592 0 9.16799 0.206258 5.82864 0 0 10.6103 3.09409 0.538615 0.511215 1.01856 0
130 2000.00 1144.95 100.000000 49.1902 3.56768 13.9257 2.06076 0 9.0588 0.200398 6.05657 0 0 10.9163 3.01389 0.523311 0.49669 0.98962 0
121 5000.00 1179.11 93.030900 49.2955 3.67804 14.4629 2.02007 0 9.28721 0.21541 5.43571 0 0 10.2344 3.21066 0.562513 0.533898 1.06375 0
124 3500.00 1150.32 91.147153 49.4111 3.65415 14.5854 2.00333 0 9.36328 0.219862 5.30082 0 0 9.98524 3.27203 0.574139 0.544932 1.08574 0
133 1000.00 1119.57 96.205548 49.2902 3.58976 14.199 2.03953 0 9.20478 0.208302 5.75414 0 0 10.5034 3.12192 0.543951 0.51628 1.02865 00
122 5000.00 1177.12 92.186633 49.3209 3.68638 14.5257 2.01319 0 9.31339 0.217383 5.36141 0 0 10.1455 3.23614 0.567665 0.538788 1.0735 0
125 3500.00 1148.31 90.286310 49.4545 3.65195 14.6442 1.99494 0 9.39156 0.221958 5.22997 0 0 9.88571 3.29939 0.579613 0.550128 1.09609 0
134 1000.00 1117.58 95.251517 49.3303 3.5873 14.2627 2.03235 0 9.24175 0.210388 5.68086 0 0 10.3942 3.15025 0.549399 0.521451 1.03895 0
132 2000.00 1140.93 98.180671 49.2181 3.59038 14.064 2.05256 0 9.12632 0.204111 5.90463 0 0 10.7286 3.06439 0.533008 0.505894 1.00796 0
123 5000.00 1175.13 91.348839 49.3495 3.69319 14.5873 2.00591 0 9.33898 0.219377 5.28798 0 0 10.0559 3.2618 0.572871 0.543729 1.08334 0
135 1000.00 1115.58 94.295554 49.378 3.58061 14.3239 2.02434 0 9.279 0.212521 5.60895 0 0 10.2824 3.17914 0.554969 0.526738 1.04949 0
126 3500.00 1146.31 89.429539 49.5028 3.64709 14.7013 1.98605 0 9.41943 0.224085 5.16014 0 0 9.78489 3.32707 0.585166 0.555398 1.10659 0
133 2000.00 1138.92 97.248612 49.2381 3.59935 14.1334 2.04754 0 9.16079 0.206068 5.82751 0 0 10.6298 3.09089 0.538117 0.510743 1.01762 0
124 5000.00 1173.13 90.517208 49.3814 3.69837 14.6478 1.99822 0 9.36396 0.221392 5.21544 0 0 9.9656 3.28765 0.578134 0.548725 1.09329 0
136 1000.00 1113.59 93.336771 49.4342 3.56903 14.382 2.01544 0 9.31663 0.214704 5.53856 0 0 10.1677 3.20863 0.56067 0.532149 1.06027 0
134 2000.00 1136.91 96.320923 49.2624 3.60617 14.2013 2.04196 0 9.19502 0.208052 5.75136 0 0 10.5296 3.11769 0.543299 0.515662 1.02742 0
125 5000.00 1171.14 89.691457 49.4167 3.7018 14.707 1.99012 0 9.38835 0.22343 5.14379 0 0 9.87446 3.31372 0.583457 0.553777 1.10336 0
135 2000.00 1134.90 95.396879 49.2914 3.61057 14.2676 2.03578 0 9.22905 0.210068 5.67622 0 0 10.4279 3.14483 0.548562 0.520657 1.03737 0
126 5000.00 1169.15 88.871330 49.4556 3.70339 14.765 1.98162 0 9.41212 0.225492 5.07303 0 0 9.7825 3.34 0.588841 0.558887 1.11354 024 00
136 2000.00 1132.89 94.475779 49.3254 3.6123 14.3321 2.02899 0 9.26293 0.212116 5.60214 0 0 10.3245 3.17234 0.55391 0.525733 1.04749 0 0
138 1000.00 1109.60 91.026815 49.5426 3.56132 14.3768 2.01227 0 9.44258 0.220153 5.44459 0 0 9.92952 3.26273 0.574585 0.545653 1.08717 0
128 5000.00 1165.17 87.247110 49.5446 3.70059 14.8771 1.96338 0 9.45777 0.22969 4.93418 0 0 9.59607 3.39326 0.599803 0.569291 1.13427 0
130 3500.00 1138.30 86.042058 49.7489 3.59753 14.9115 1.94555 0 9.5267 0.232907 4.89164 0 0 9.36852 3.44112 0.608204 0.577264 1.15016 0
137 2000.00 1130.88 93.556969 49.3649 3.61103 14.3948 2.02157 0 9.29669 0.214199 5.52918 0 0 10.2194 3.20025 0.55935 0.530896 1.05777 0
139 1000.00 1107.60 89.866763 49.6043 3.55305 14.3639 2.01111 0 9.5088 0.222995 5.40203 0 0 9.80854 3.28958 0.581821 0.552696 1.10121 0
129 5000.00 1163.17 86.442705 49.5951 3.69597 14.9311 1.95365 0 9.47963 0.231828 4.86612 0 0 9.50158 3.42025 0.605385 0.574589 1.14483 0
131 3500.00 1136.30 85.206009 49.8246 3.57688 14.9591 1.93427 0 9.55233 0.235192 4.82735 0 0 9.26127 3.47049 0.614172 0.582929 1.16144 0
140 1000.00 1105.61 88.728305 49.6732 3.53957 14.3509 2.00918 0 9.57406 0.225856 5.35991 0 0 9.68641 3.31668 0.589106 0.559788 1.11534 0
138 2000.00 1128.87 92.639877 49.4104 3.60644 14.4554 2.01348 0 9.33037 0.216319 5.45739 0 0 10.1124 3.22858 0.564887 0.536152 1.06824 0
130 5000.00 1161.18 85.643313 49.6497 3.68908 14.9837 1.94352 0 9.50082 0.233991 4.79896 0 0 9.40623 3.44749 0.611035 0.579952 1.15551 0
132 3500.00 1134.29 84.375236 49.906 3.55277 15.0047 1.92257 0 9.57739 0.237508 4.76423 0 0 9.15293 3.50018 0.620219 0.588668 1.17288 0
139 2000.00 1126.86 91.724065 49.4625 3.59816 14.5137 2.00472 0 9.36403 0.218479 5.38686 0 0 10.0033 3.25736 0.570528 0.541505 1.07891 0
131 5000.00 1159.19 84.848917 49.7086 3.6798 15.0349 1.933 0 9.52131 0.236182 4.73272 0 0 9.31004 3.47499 0.616756 0.585382 1.16633 0
133 3500.00 1132.29 83.550515 49.993 3.5252 15.0482 1.91052 0 9.60179 0.239853 4.70229 0 0 9.04365 3.53017 0.626341 0.594479 1.18446 0
140 2000.00 1124.85 90.809294 49.5216 3.58582 14.5695 1.99527 0 9.39768 0.22068 5.31768 0 0 9.89211 3.28661 0.576275 0.54696 1.08978 0
132 5000.00 1157.20 84.059568 49.7718 3.66805 15.0847 1.92209 0 9.54107 0.2384 4.6674 0 0 9.21304 3.50276 0.622548 0.590879 1.17728 0
134 3500.00 1130.29 82.732777 50.0856 3.49427 15.0897 1.89815 0 9.62545 0.242223 4.64152 0 0 8.93362 3.56044 0.632532 0.600355 1.19616 0
141 2000.00 1122.84 89.895614 49.5883 3.56906 14.6227 1.98513 0 9.43134 0.222923 5.24993 0 0 9.77877 3.31636 0.582132 0.552519 1.10085 0
141 1000.00 1103.61 87.212488 49.8461 3.49112 14.3507 1.96851 0 9.58564 0.229781 5.29932 0 0 9.57093 3.3546 0.599098 0.569517 1.13472 0
135 3500.00 1128.28 81.923059 50.1832 3.46014 15.1293 1.88552 0 9.64824 0.244617 4.58189 0 0 8.82307 3.59094 0.638784 0.606289 1.20799 0
133 5000.00 1155.20 83.275389 49.8395 3.65377 15.133 1.91081 0 9.56006 0.240645 4.603 0 0 9.11525 3.53078 0.62841 0.596443 1.18837 0
142 2000.00 1120.83 88.983458 49.663 3.54757 14.6729 1.97433 0 9.465 0.225208 5.18371 0 0 9.66327 3.34659 0.588099 0.558183 1.11214 0
134 5000.00 1153.21 82.496581 49.9117 3.63689 15.1798 1.89918 0 9.57824 0.242917 4.53952 0 0 9.01675 3.55907 0.634343 0.602074 1.19959 0
143 2000.00 1118.82 88.073732 49.7458 3.52112 14.7201 1.9629 0 9.49863 0.227534 5.11912 0 0 9.54572 3.37731 0.594174 0.563948 1.12363 0
142 1000.00 1101.62 84.787157 50.2225 3.39169 14.384 1.83986 0 9.46229 0.236354 5.19464 0 0 9.48467 3.41532 0.615756 0.585808 1.16718 0
136 3500.00 1126.28 81.085010 50.3022 3.4127 15.1609 1.87364 0 9.67015 0.247146 4.52219 0 0 8.7092 3.62344 0.645386 0.612555 1.22047 0
135 5000.00 1151.22 81.723424 49.9883 3.61739 15.2251 1.88721 0 9.59557 0.245215 4.47697 0 0 8.9176 3.5876 0.640344 0.60777 1.21094 0
144 2000.00 1116.81 87.167879 49.8369 3.48961 14.7641 1.95092 0 9.53213 0.229899 5.0562 0 0 9.42631 3.40847 0.600348 0.569809 1.1353 0
143 1000.00 1099.62 82.495545 50.5733 3.28861 14.4057 1.7346 0 9.35677 0.24258 5.0967 0 0 9.39377 3.47393 0.632357 0.602081 1.1996 0
137 3500.00 1124.28 80.208321 50.4457 3.35016 15.1838 1.86325 0 9.68981 0.249847 4.46082 0 0 8.59253 3.65859 0.65244 0.61925 1.23381 0
136 5000.00 1149.23 80.956268 50.0694 3.59528 15.2689 1.87493 0 9.61196 0.247539 4.41534 0 0 8.8179 3.61639 0.646412 0.613529 1.22241 0
145 2000.00 1114.80 86.267865 49.9359 3.45313 14.805 1.93847 0 9.56536 0.232297 4.995 0 0 9.30535 3.44003 0.606612 0.575753 1.14715 0
137 5000.00 1147.24 80.195534 50.1548 3.5706 15.3113 1.86237 0 9.62737 0.249887 4.35462 0 0 8.71777 3.6454 0.652544 0.619349 1.23401 0
144 1000.00 1097.63 80.252518 50.8857 3.17152 14.4144 1.65964 0 9.28581 0.247761 5.00428 0 0 9.29826 3.53113 0.649451 0.618909 1.23313 0
138 3500.00 1122.27 79.199816 50.6158 3.26195 15.2493 1.84073 0 9.67639 0.251866 4.37904 0 0 8.4871 3.7004 0.660748 0.627136 1.24952 0
138 5000.00 1145.24 79.441695 50.2444 3.5434 15.3523 1.84956 0 9.64171 0.252258 4.29479 0 0 8.61732 3.67462 0.658736 0.625226 1.24572 0
145 1000.00 1095.63 78.142295 51.1847 3.06104 14.4199 1.59063 0 9.21621 0.252915 4.91574 0 0 9.20384 3.58662 0.666396 0.635623 1.26643 0
146 2000.00 1112.79 85.303010 50.0755 3.39089 14.8291 1.92739 0 9.60033 0.234925 4.93517 0 0 9.17574 3.47505 0.613473 0.582266 1.16012 0
139 3500.00 1120.27 78.149298 50.7968 3.1632 15.3362 1.81212 0 9.64425 0.253513 4.28839 0 0 8.38881 3.74523 0.66963 0.635566 1.26632 0
139 5000.00 1143.25 78.695265 50.338 3.51379 15.3919 1.83653 0 9.6549 0.254651 4.23583 0 0 8.51671 3.70404 0.664984 0.631156 1.25753 0
140 5000.00 1141.26 77.956773 50.4353 3.48192 15.4302 1.8233 0 9.66685 0.257063 4.17772 0 0 8.4161 3.73363 0.671284 0.637135 1.26945 0
140 3500.00 1118.27 77.140437 50.9733 3.06887 15.4207 1.78431 0 9.61019 0.255169 4.20027 0 0 8.29264 3.78934 0.678387 0.643878 1.28288 0
146 1000.00 1093.64 76.148674 51.4712 2.9567 14.4224 1.52692 0 9.14756 0.258042 4.83058 0 0 9.11105 3.64051 0.683234 0.652264 1.29959 0
147 2000.00 1110.78 84.351399 50.2187 3.32652 14.8518 1.91697 0 9.63313 0.237575 4.87527 0 0 9.04724 3.51041 0.620394 0.588835 1.17321 0
141 3500.00 1116.26 76.170131 51.1458 2.97868 15.503 1.75727 0 9.57426 0.256834 4.11455 0 0 8.19852 3.83277 0.687029 0.65208 1.29922 0
147 1000.00 1091.64 74.235600 51.7534 2.85989 14.4163 1.4698 0 9.07644 0.262789 4.73974 0 0 9.02647 3.69282 0.700193 0.669073 1.33308 0
141 5000.00 1139.27 77.215955 50.5409 3.44506 15.4658 1.81017 0 9.67718 0.259529 4.11986 0 0 8.315 3.76394 0.677724 0.643248 1.28163 0
148 1000.00 1089.65 72.390640 52.0348 2.77043 14.4004 1.419 0 9.00131 0.266975 4.64115 0 0 8.95187 3.74356 0.717343 0.686125 1.36706 0
142 5000.00 1137.27 76.300461 50.7074 3.36549 15.5162 1.78956 0 9.66119 0.261756 4.04498 0 0 8.21591 3.80363 0.685856 0.650966 1.297 0
142 3500.00 1114.26 75.235587 51.3144 2.89237 15.583 1.73098 0 9.53653 0.25851 4.03111 0 0 8.10638 3.87556 0.695563 0.66018 1.31536 0
148 2000.00 1108.77 82.911263 50.4258 3.26368 14.8614 1.86823 0 9.61506 0.241702 4.80825 0 0 8.94053 3.55176 0.630922 0.599062 1.19359 0
149 1000.00 1087.65 70.638011 52.3072 2.68545 14.3821 1.37156 0 8.92606 0.271028 4.54613 0 0 8.8791 3.79278 0.734427 0.703149 1.40097 00
150 1000.00 1085.66 68.970424 52.5712 2.60462 14.3618 1.32716 0 8.85071 0.274951 4.45448 0 0 8.80816 3.84053 0.751451 0.72015 1.43485 0
149 2000.00 1106.76 80.313437 50.7069 3.16662 14.8824 1.77658 0 9.51964 0.246446 4.70885 0 0 8.88375 3.60774 0.650455 0.61844 1.2322 0
143 3500.00 1112.26 73.472543 51.5195 2.81146 15.6098 1.6744 0 9.46569 0.261586 3.95185 0 0 8.05048 3.92079 0.71151 0.676022 1.34692 0
144 5000.00 1133.29 74.355542 51.0754 3.17719 15.6724 1.72961 0 9.57526 0.265079 3.87304 0 0 8.03777 3.89156 0.703796 0.667994 1.33093 0
151 1000.00 1083.66 67.381357 52.8272 2.52762 14.3396 1.28552 0 8.77528 0.278745 4.36601 0 0 8.73902 3.88685 0.76842 0.737133 1.46869 0
144 3500.00 1110.25 71.428108 51.72 2.73476 15.6088 1.61495 0 9.39172 0.264949 3.87825 0 0 8.00982 3.96518 0.730757 0.695371 1.38548 0
150 2000.00 1104.75 77.940888 50.9752 3.06427 14.8917 1.70283 0 9.44141 0.250861 4.61678 0 0 8.81841 3.66213 0.669408 0.637265 1.26971 0
145 5000.00 1131.30 73.372651 51.2755 3.09144 15.7081 1.70836 0 9.53401 0.268338 3.77616 0 0 7.96021 3.93895 0.713224 0.676942 1.34876 0
152 1000.00 1081.67 65.864952 53.0757 2.45418 14.3156 1.24638 0 8.69977 0.28241 4.28056 0 0 8.67168 3.93176 0.785338 0.754104 1.5025 0
151 2000.00 1102.74 75.919895 51.251 2.96496 14.891 1.63601 0 9.36973 0.255619 4.53375 0 0 8.7393 3.71441 0.686528 0.654229 1.30351 0
146 5000.00 1129.30 72.424800 51.4727 3.00901 15.7418 1.68771 0 9.49035 0.271642 3.68217 0 0 7.884 3.98583 0.722558 0.685801 1.36641 0
153 1000.00 1079.67 64.415932 53.3171 2.38407 14.2902 1.20954 0 8.62422 0.28595 4.19797 0 0 8.60609 3.97531 0.802211 0.771067 1.5363 0
145 3500.00 1108.25 69.593346 51.9263 2.66019 15.6007 1.56029 0 9.31949 0.268603 3.80886 0 0 7.96204 4.00881 0.748994 0.713704 1.422 0
152 2000.00 1100.73 74.012406 51.5167 2.87062 14.8874 1.574 0 9.29917 0.260365 4.45402 0 0 8.66089 3.76517 0.70351 0.671091 1.3371 0
147 5000.00 1127.31 71.509910 51.6672 2.92971 15.7736 1.66763 0 9.44432 0.27499 3.59098 0 0 7.8091 4.03219 0.731802 0.694575 1.38389 0
154 1000.00 1077.68 63.029531 53.5519 2.31705 14.2633 1.17478 0 8.54863 0.289365 4.11809 0 0 8.54223 4.01753 0.819044 0.788028 1.57009 0
153 2000.00 1098.72 72.204134 51.7726 2.78095 14.8814 1.51628 0 9.22936 0.265099 4.37715 0 0 8.58369 3.81451 0.7204 0.687897 1.37059 0
146 3500.00 1106.25 67.983416 52.144 2.58737 15.5837 1.51033 0 9.24972 0.272737 3.74345 0 0 7.9048 4.05176 0.765836 0.730605 1.45568 0
148 5000.00 1125.32 70.626076 51.8592 2.85339 15.8034 1.64811 0 9.39601 0.278383 3.5025 0 0 7.73546 4.07807 0.74096 0.703268 1.40121 0
154 2000.00 1096.71 70.484522 52.0195 2.69565 14.8732 1.46243 0 9.1601 0.26982 4.30285 0 0 8.50801 3.86247 0.737229 0.70468 1.40402 0
155 1000.00 1075.68 61.701434 53.7803 2.25291 14.2351 1.14193 0 8.47304 0.292656 4.0408 0 0 8.48008 4.05844 0.83584 0.80499 1.60388 0
155 2000.00 1094.71 68.845203 52.2578 2.6144 14.863 1.41208 0 9.09122 0.274528 4.2309 0 0 8.43402 3.90912 0.754016 0.721459 1.43746 0
149 5000.00 1123.33 69.771555 52.0488 2.77988 15.8315 1.62913 0 9.34549 0.281822 3.41664 0 0 7.66303 4.12347 0.750035 0.711881 1.41837 0
156 1000.00 1073.69 60.427724 54.0027 2.19148 14.2058 1.11085 0 8.39745 0.295826 3.96597 0 0 8.41958 4.09808 0.852604 0.821958 1.63769 0
147 3500.00 1104.24 66.421948 52.3568 2.51828 15.5614 1.46404 0 9.17903 0.277055 3.67543 0 0 7.85268 4.09474 0.782916 0.74778 1.4899 0
156 2000.00 1092.70 67.279257 52.488 2.53695 14.8509 1.36489 0 9.02263 0.279223 4.16111 0 0 8.36186 3.95449 0.770778 0.738252 1.47091 0
150 5000.00 1121.34 68.944746 52.236 2.70904 15.8578 1.61067 0 9.29281 0.285308 3.33332 0 0 7.59177 4.16841 0.75903 0.720418 1.43538 0
148 3500.00 1102.24 64.895382 52.5654 2.45294 15.5324 1.42133 0 9.10667 0.281606 3.60333 0 0 7.80735 4.13826 0.800373 0.765371 1.52495 0
157 1000.00 1071.69 59.204840 54.2195 2.13258 14.1753 1.08138 0 8.32189 0.298875 3.89347 0 0 8.36071 4.13648 0.86934 0.838935 1.67152 0
151 5000.00 1119.34 68.144180 52.4211 2.64075 15.8825 1.59272 0 9.23807 0.288841 3.25246 0 0 7.52164 4.2129 0.767947 0.728881 1.45224 0
157 2000.00 1090.69 65.780803 52.7105 2.46302 14.8372 1.32057 0 8.95425 0.283905 4.09333 0 0 8.29158 3.99864 0.787525 0.755069 1.50442 0
149 3500.00 1100.24 63.433918 52.7681 2.3901 15.5024 1.38087 0 9.03414 0.286129 3.53373 0 0 7.76301 4.18066 0.817829 0.783004 1.56008 0
158 1000.00 1069.70 58.029535 54.4308 2.07606 14.1439 1.0534 0 8.24637 0.301806 3.82321 0 0 8.30343 4.17366 0.886051 0.855927 1.70537 0
152 5000.00 1117.35 67.368504 52.604 2.57486 15.9056 1.57526 0 9.18131 0.292422 3.17398 0 0 7.45259 4.25696 0.776789 0.737274 1.46897 0
158 2000.00 1088.68 64.344749 52.9259 2.39239 14.8218 1.27888 0 8.88603 0.288573 4.02745 0 0 8.22322 4.04159 0.804267 0.77192 1.538 0
159 2000.00 1086.67 62.966622 53.1344 2.32485 14.805 1.23958 0 8.81793 0.293229 3.96335 0 0 8.15681 4.08339 0.821012 0.788815 1.57166 0
159 1000.00 1067.70 56.898842 54.6369 2.02178 14.1116 1.0268 0 8.17091 0.304619 3.75509 0 0 8.24771 4.20965 0.902742 0.872936 1.73926 0
153 5000.00 1115.36 66.616469 52.7849 2.51128 15.9271 1.55827 0 9.12262 0.296052 3.0978 0 0 7.3846 4.30059 0.785558 0.745597 1.48555 0
160 2000.00 1084.66 61.642460 53.3364 2.26019 14.7869 1.20248 0 8.74992 0.297871 3.90093 0 0 8.09233 4.12406 0.837767 0.80576 1.60542 0
151 3500.00 1096.23 60.689322 53.1565 2.27136 15.4396 1.30599 0 8.88867 0.295086 3.40155 0 0 7.67728 4.26222 0.852749 0.818415 1.63063 0
160 1000.00 1065.71 55.810049 54.8381 1.9696 14.0785 1.00147 0 8.09553 0.307317 3.689 0 0 8.19351 4.24447 0.919415 0.889966 1.77319 0
161 2000.00 1082.65 60.368724 53.5323 2.19822 14.7675 1.16739 0 8.682 0.302499 3.84013 0 0 8.02977 4.16363 0.854537 0.822761 1.63929 0
154 5000.00 1113.37 65.886924 52.9639 2.44987 15.9473 1.54175 0 9.06206 0.299731 3.02387 0 0 7.31763 4.3438 0.794256 0.753853 1.502 0
161 1000.00 1063.71 54.760667 55.0345 1.9194 14.0446 0.977336 0 8.02024 0.309901 3.62486 0 0 8.14079 4.27815 0.936074 0.90702 1.80717 0
152 3500.00 1094.23 59.398646 53.3427 2.2152 15.407 1.27127 0 8.81578 0.299521 3.33874 0 0 7.63588 4.30141 0.870218 0.836198 1.66606 0
153 3500.00 1092.23 58.157898 53.524 2.16103 15.3737 1.23819 0 8.74283 0.303927 3.27797 0 0 7.59547 4.33958 0.887697 0.854037 1.70161 0
162 1000.00 1061.72 53.748410 55.2264 1.87108 14.01 0.954299 0 7.94506 0.312372 3.5626 0 0 8.08951 4.31071 0.952722 0.924102 1.84121 0
162 2000.00 1080.64 59.100089 53.7233 2.13986 14.7413 1.13518 0 8.61169 0.30731 3.77334 0 0 7.97693 4.20427 0.871925 0.840422 1.67448 0
155 5000.00 1111.37 64.940065 53.1249 2.39067 15.9563 1.52286 0 9.00567 0.30291 2.95874 0 0 7.26036 4.38336 0.805475 0.764844 1.5239 0
154 3500.00 1090.22 56.964066 53.7004 2.10874 15.3398 1.20665 0 8.66983 0.308306 3.21916 0 0 7.55603 4.37674 0.905188 0.871936 1.73727 0
163 1000.00 1059.72 52.771175 55.4138 1.82452 13.9748 0.932287 0 7.87 0.314734 3.50212 0 0 8.03965 4.34218 0.969362 0.941215 1.8753 0
156 5000.00 1109.38 63.431507 53.2686 2.33459 15.9391 1.48624 0 8.9456 0.305422 2.91035 0 0 7.22771 4.41593 0.823347 0.783034 1.56014 0
155 3500.00 1088.22 55.814384 53.8722 2.05823 15.3053 1.17652 0 8.59682 0.312656 3.1622 0 0 7.51756 4.41291 0.922695 0.889896 1.77306 0
163 2000.00 1078.63 57.854955 53.9095 2.0844 14.7106 1.1052 0 8.53989 0.312213 3.70392 0 0 7.93041 4.24519 0.889695 0.858509 1.71052 0
164 1000.00 1057.73 51.827023 55.5971 1.77963 13.939 0.911231 0 7.79508 0.316986 3.44336 0 0 7.99116 4.37256 0.985996 0.958362 1.90947 0
156 3500.00 1086.22 54.706307 54.0395 2.0094 15.2703 1.14772 0 8.52381 0.316979 3.10702 0 0 7.48004 4.44811 0.940218 0.907921 1.80897 0
165 1000.00 1055.73 50.914165 55.7764 1.73633 13.9028 0.891067 0 7.72031 0.319131 3.38625 0 0 7.94401 4.40189 1.00263 0.975544 1.9437 0
164 2000.00 1076.62 56.658603 54.0904 2.03098 14.6791 1.07666 0 8.46817 0.317077 3.63675 0 0 7.88505 4.28503 0.907461 0.876637 1.74664 0
158 5000.00 1105.40 60.592550 53.5751 2.22886 15.8995 1.40576 0 8.80425 0.311281 2.81592 0 0 7.16625 4.4808 0.859277 0.819722 1.63324 0
166 1000.00 1053.74 50.030944 55.9517 1.69453 13.866 0.871739 0 7.6457 0.321172 3.33072 0 0 7.89818 4.43018 1.01926 0.992766 1.97802 0
158 3500.00 1082.21 52.605765 54.3614 1.9165 15.1991 1.09375 0 8.3779 0.325545 3.00166 0 0 7.40783 4.51565 0.975324 0.944175 1.8812 0
159 5000.00 1103.41 59.261876 53.7235 2.17851 15.8779 1.36845 0 8.73308 0.31424 2.7706 0 0 7.1363 4.51218 0.877233 0.838128 1.66991 0
165 2000.00 1074.61 55.508021 54.2664 1.97949 14.6469 1.04944 0 8.39656 0.321904 3.57172 0 0 7.84084 4.32382 0.925228 0.894808 1.78284 0
167 1000.00 1051.74 49.175826 56.1233 1.65416 13.8289 0.853193 0 7.57127 0.32311 3.27672 0 0 7.85362 4.45746 1.03589 1.01003 2.01241 0
159 3500.00 1080.21 51.609129 54.5162 1.87227 15.1629 1.06843 0 8.30504 0.329789 2.95134 0 0 7.37312 4.54803 0.992911 0.962408 1.91753 0
160 5000.00 1101.41 57.985527 53.8689 2.12973 15.855 1.33292 0 8.66163 0.317219 2.72645 0 0 7.10687 4.54286 0.895183 0.856576 1.70667 0
168 1000.00 1049.75 48.347390 56.2912 1.61514 13.7913 0.835381 0 7.49702 0.324946 3.22418 0 0 7.8103 4.48373 1.05253 1.02734 2.04689 0
160 3500.00 1078.20 50.645725 54.6672 1.82942 15.1264 1.04413 0 8.23226 0.334006 2.9025 0 0 7.33932 4.57951 1.01052 0.980715 1.954 0
166 2000.00 1072.60 54.400442 54.4376 1.92983 14.6141 1.02347 0 8.32508 0.326695 3.50873 0 0 7.79775 4.36158 0.942998 0.913026 1.81914 0
169 1000.00 1047.75 47.544313 56.4556 1.57741 13.7534 0.818258 0 7.42297 0.326684 3.17305 0 0 7.7682 4.50903 1.06917 1.04469 2.08147 0
161 5000.00 1099.42 56.760218 54.0114 2.08246 15.831 1.29903 0 8.58993 0.320218 2.68344 0 0 7.07799 4.57284 0.913128 0.875068 1.74351 0
161 3500.00 1076.20 49.632188 54.8603 1.78612 15.1012 1.02 0 8.16093 0.338509 2.85105 0 0 7.27276 4.61566 1.02978 0.971062 1.99265 0
167 2000.00 1070.59 53.333325 54.6042 1.8819 14.5807 0.998643 0 8.25375 0.331449 3.44768 0 0 7.75577 4.39833 0.960774 0.931294 1.85554 0
170 1000.00 1045.76 46.765364 56.6167 1.5409 13.7152 0.801783 0 7.34913 0.328326 3.12328 0 0 7.72728 4.53336 1.08582 1.06209 2.11614 0
162 3500.00 1074.20 48.645800 55.0543 1.74404 15.0769 0.99679 0 8.08997 0.343009 2.80075 0 0 7.20346 4.65144 1.04924 0.958391 2.03169 0
162 5000.00 1097.43 55.582921 54.1512 2.03661 15.8059 1.26668 0 8.51802 0.323238 2.64152 0 0 7.04965 4.60213 0.931068 0.893602 1.78044 0
171 1000.00 1043.76 46.009398 56.7744 1.50556 13.6768 0.785919 0 7.27551 0.329873 3.07481 0 0 7.68751 4.55674 1.10248 1.07954 2.15091 0
163 3500.00 1072.19 47.695299 55.2436 1.70334 15.052 0.974522 0 8.01921 0.347465 2.75206 0 0 7.13572 4.68617 1.06871 0.946314 2.07086 0
168 2000.00 1068.58 52.304331 54.7664 1.8356 14.5467 0.974892 0 8.18257 0.336169 3.38849 0 0 7.71488 4.43408 0.978558 0.949616 1.89204 0
172 1000.00 1041.77 45.275344 56.9289 1.47134 13.6381 0.770629 0 7.20212 0.331327 3.0276 0 0 7.64887 4.57919 1.11916 1.09704 2.18578 0
163 5000.00 1095.44 54.407425 54.3046 1.99136 15.7855 1.23521 0 8.44651 0.326316 2.59949 0 0 7.00893 4.63269 0.94972 0.901231 1.81841 0
164 3500.00 1070.19 46.778580 55.4284 1.66397 15.0266 0.953139 0 7.94864 0.35188 2.70491 0 0 7.0695 4.71987 1.08817 0.934797 2.11017 0
169 2000.00 1066.57 51.311303 54.9242 1.79087 14.5123 0.952143 0 8.11157 0.340855 3.33107 0 0 7.67507 4.46887 0.996354 0.967994 1.92866 0
165 3500.00 1068.19 45.893711 55.6087 1.62584 15.0007 0.932585 0 7.87828 0.356256 2.65922 0 0 7.00473 4.75256 1.10764 0.923811 2.14963 0
173 1000.00 1039.77 44.562205 57.0803 1.43818 13.5991 0.755883 0 7.12898 0.332692 2.98161 0 0 7.61133 4.60072 1.13584 1.1146 2.22076 0 0
170 2000.00 1064.56 50.352249 55.078 1.74762 14.4775 0.930333 0 8.04076 0.345507 3.27534 0 0 7.63631 4.50269 1.01416 0.986431 1.96539 0
166 3500.00 1066.18 45.038914 55.7848 1.58891 14.9745 0.912807 0 7.80813 0.360592 2.61492 0 0 6.94136 4.78427 1.12712 0.913325 2.18924 0
165 5000.00 1091.45 52.043285 54.6643 1.90225 15.7625 1.1745 0 8.30551 0.332644 2.51452 0 0 6.8811 4.69891 0.989669 0.875828 1.89821 0
174 1000.00 1037.78 43.808197 57.2765 1.40468 13.5713 0.741142 0 7.05757 0.334082 2.93324 0 0 7.53984 4.62638 1.15408 1.10349 2.2577 0
167 3500.00 1064.18 44.212553 55.9569 1.55311 14.9479 0.893759 0 7.73821 0.364891 2.57195 0 0 6.87933 4.81503 1.14661 0.903314 2.22901 0
171 2000.00 1062.55 49.425325 55.2277 1.70577 14.4422 0.9094 0 7.97015 0.350127 3.22124 0 0 7.5986 4.53559 1.03199 1.00493 2.00225 0
166 5000.00 1089.46 50.935637 54.8389 1.85982 15.7489 1.14623 0 8.23492 0.335822 2.47377 0 0 6.81906 4.73076 1.00958 0.864038 1.93818 0
175 1000.00 1035.78 43.077119 57.4695 1.37227 13.5431 0.726932 0 6.98648 0.335374 2.88619 0 0 7.46958 4.65106 1.17232 1.0925 2.29476 00
172 2000.00 1060.54 48.528824 55.3736 1.66527 14.4067 0.889291 0 7.89975 0.354714 3.16869 0 0 7.5619 4.56756 1.04984 1.0235 2.03924 0
176 1000.00 1033.79 42.368619 57.6585 1.3409 13.5145 0.713228 0 6.91568 0.336569 2.84045 0 0 7.40096 4.67472 1.19056 1.08201 2.33192 0
169 3500.00 1060.17 42.639202 56.2895 1.48471 14.8937 0.857685 0 7.59903 0.373382 2.48975 0 0 6.75915 4.87378 1.18564 0.884622 2.30906 0
167 5000.00 1087.47 49.873331 55.0102 1.8187 15.734 1.11923 0 8.16429 0.339012 2.4341 0 0 6.75823 4.7618 1.02944 0.852808 1.97821 0
177 1000.00 1031.79 41.681574 57.8438 1.31053 13.4855 0.700002 0 6.84518 0.337671 2.79598 0 0 7.33393 4.69738 1.20879 1.072 2.36918 0
170 3500.00 1058.17 41.889517 56.4502 1.45201 14.8663 0.840581 0 7.52979 0.377577 2.45042 0 0 6.70089 4.90181 1.20519 0.875898 2.34935 0
173 2000.00 1058.53 47.661162 55.5157 1.62604 14.3708 0.869955 0 7.82958 0.359271 3.11763 0 0 7.5262 4.59863 1.06771 1.04213 2.07637 0
168 5000.00 1085.47 48.853513 55.1783 1.77885 15.7178 1.09341 0 8.09364 0.342215 2.39547 0 0 6.69855 4.79203 1.04927 0.842103 2.0183 0
178 1000.00 1029.80 41.014938 58.0256 1.28111 13.4562 0.687226 0 6.77499 0.338683 2.75271 0 0 7.26843 4.71906 1.22703 1.06244 2.40654 0
171 3500.00 1056.17 41.162854 56.6075 1.42025 14.8386 0.824054 0 7.4608 0.381738 2.4122 0 0 6.64382 4.92897 1.22476 0.867563 2.38981 0
174 2000.00 1056.52 46.820867 55.6542 1.58803 14.3346 0.851347 0 7.75963 0.363797 3.06799 0 0 7.49149 4.62882 1.0856 1.06083 2.11363 0
169 5000.00 1083.48 47.873570 55.3435 1.7402 15.7005 1.06869 0 8.02297 0.345433 2.35783 0 0 6.63999 4.82147 1.06906 0.831893 2.05845 0
172 3500.00 1054.17 40.458096 56.7613 1.3894 14.8107 0.808073 0 7.39206 0.385868 2.37504 0 0 6.58788 4.95527 1.24436 0.859599 2.43047 0
179 1000.00 1027.80 40.367742 58.2038 1.2526 13.4266 0.674874 0 6.7051 0.339608 2.71061 0 0 7.2044 4.73979 1.24526 1.05331 2.44402 0
175 2000.00 1054.51 45.931620 55.8377 1.54956 14.3102 0.832817 0 7.69157 0.368636 3.0153 0 0 7.42191 4.66408 1.10524 1.04979 2.15321 0
170 5000.00 1081.49 46.931107 55.5058 1.70269 15.6821 1.04501 0 7.95231 0.348668 2.32113 0 0 6.58252 4.85013 1.08882 0.822152 2.09867 0
173 3500.00 1052.16 39.774197 56.9119 1.35941 14.7826 0.792607 0 7.32356 0.389968 2.3389 0 0 6.53304 4.98074 1.26399 0.85199 2.47131 0
171 5000.00 1079.50 46.023924 55.6654 1.66628 15.6626 1.02229 0 7.88167 0.351921 2.28535 0 0 6.52609 4.87802 1.10855 0.812853 2.13896 0
176 2000.00 1052.50 45.068759 56.0197 1.51227 14.286 0.81497 0 7.62392 0.373449 2.96395 0 0 7.35162 4.69867 1.125 1.03738 2.19306 0
174 3500.00 1050.16 39.110186 57.0593 1.33025 14.7544 0.777631 0 7.25533 0.394037 2.30375 0 0 6.47926 5.0054 1.28365 0.844721 2.51235 0
177 2000.00 1050.49 44.235638 56.1972 1.47619 14.2613 0.797803 0 7.55658 0.378215 2.91417 0 0 7.28296 4.73224 1.14475 1.02555 2.23304 0
181 1000.00 1023.81 39.128114 58.5504 1.19812 13.3666 0.651355 0 6.56627 0.34121 2.62972 0 0 7.08053 4.77845 1.28174 1.03627 2.51932 0
173 5000.00 1075.51 44.307448 55.9768 1.59657 15.6208 0.979543 0 7.74049 0.358489 2.21638 0 0 6.41627 4.93154 1.14792 0.795491 2.21976 0
175 3500.00 1048.16 38.465151 57.2035 1.30189 14.726 0.763119 0 7.18736 0.398079 2.26952 0 0 6.42653 5.02924 1.30334 0.837777 2.55358 0
178 2000.00 1048.48 43.430573 56.3704 1.44127 14.2361 0.781272 0 7.48953 0.382935 2.86588 0 0 7.21587 4.76481 1.16451 1.01429 2.27315 0
182 1000.00 1021.82 38.534053 58.7189 1.17209 13.3363 0.640145 0 6.49733 0.341894 2.59085 0 0 7.0206 4.79643 1.29999 1.02833 2.55714 0
174 5000.00 1073.52 43.494559 56.1288 1.56318 15.5984 0.959402 0 7.66998 0.361806 2.18313 0 0 6.36281 4.95718 1.16757 0.787386 2.26027 0
176 3500.00 1046.15 37.838243 57.3448 1.27429 14.6976 0.749047 0 7.11966 0.402092 2.23621 0 0 6.37479 5.05231 1.32307 0.831147 2.59503 0
183 1000.00 1019.82 37.956160 58.8844 1.1468 13.3058 0.629278 0 6.42872 0.342503 2.55298 0 0 6.96195 4.81352 1.31825 1.02076 2.59509 0
179 2000.00 1046.47 42.652017 56.5394 1.40745 14.2105 0.76534 0 7.42279 0.387611 2.81902 0 0 7.15027 4.7964 1.18427 1.00354 2.31341 0
175 5000.00 1071.53 42.709728 56.2786 1.53071 15.5753 0.940021 0 7.59955 0.365146 2.15065 0 0 6.31029 4.9821 1.18719 0.779641 2.30087 0
177 3500.00 1044.15 37.228664 57.4832 1.24742 14.669 0.735396 0 7.05223 0.406079 2.20376 0 0 6.32404 5.07459 1.34283 0.824817 2.63667 0
184 1000.00 1017.83 37.393733 59.0469 1.12224 13.2751 0.618734 0 6.36044 0.343041 2.51607 0 0 6.90453 4.82975 1.33651 1.01353 2.63317 0
180 2000.00 1044.46 41.898542 56.7045 1.37469 14.1844 0.749969 0 7.35634 0.392245 2.77351 0 0 7.08613 4.82704 1.20404 0.993298 2.35381 0
176 5000.00 1069.54 41.951473 56.4261 1.49914 15.5513 0.921356 0 7.52919 0.368512 2.11893 0 0 6.25867 5.00629 1.20679 0.772237 2.34155 0
178 3500.00 1042.15 36.635665 57.6187 1.22127 14.6404 0.722143 0 6.98508 0.41004 2.17214 0 0 6.27423 5.09612 1.36264 0.818775 2.67853 0
185 1000.00 1015.83 36.846116 59.2065 1.09838 13.2443 0.608499 0 6.29249 0.343511 2.48008 0 0 6.84831 4.84512 1.3548 1.00664 2.67138 0
177 5000.00 1067.54 41.218418 56.5714 1.46841 15.5265 0.903369 0 7.45893 0.371904 2.08793 0 0 6.20793 5.02976 1.22637 0.765159 2.38231 0
181 2000.00 1042.45 41.168828 56.8657 1.34292 14.1581 0.735128 0 7.2902 0.396838 2.72931 0 0 7.02338 4.85675 1.22383 0.983529 2.39438 0
179 3500.00 1040.14 36.058543 57.7514 1.19579 14.6117 0.709269 0 6.91822 0.413976 2.14133 0 0 6.22534 5.1169 1.38249 0.813013 2.7206 0
186 1000.00 1013.84 36.286322 59.3466 1.07451 13.2151 0.597941 0 6.23163 0.345761 2.44388 0 0 6.79437 4.86497 1.37407 0.999532 2.71163 0
178 5000.00 1065.55 40.509283 56.7147 1.43851 15.5009 0.886022 0 7.38878 0.375323 2.05764 0 0 6.15806 5.05253 1.24593 0.758393 2.42316 0
182 2000.00 1040.44 40.461656 57.0231 1.31211 14.1314 0.720787 0 7.22436 0.401391 2.68635 0 0 6.96197 4.88555 1.24363 0.974211 2.4351 0
187 1000.00 1011.84 35.728549 59.4758 1.05097 13.1867 0.587393 0 6.17425 0.348872 2.40796 0 0 6.74209 4.88666 1.39386 0.992494 2.75301 0
180 3500.00 1038.14 35.496639 57.8815 1.17097 14.5829 0.696759 0 6.85164 0.417887 2.11129 0 0 6.17735 5.13694 1.40238 0.807519 2.76289 0
179 5000.00 1063.56 39.825520 56.8571 1.40941 15.4739 0.86937 0 7.31861 0.378844 2.02785 0 0 6.10894 5.0747 1.2654 0.751932 2.46394 0
188 1000.00 1009.85 35.185521 59.6025 1.02806 13.158 0.577154 0 6.11699 0.351931 2.37287 0 0 6.69088 4.9076 1.41369 0.985799 2.79456 0
183 2000.00 1038.43 39.775892 57.177 1.28221 14.1045 0.706917 0 7.15882 0.405906 2.64459 0 0 6.90186 4.91348 1.26346 0.965325 2.476 0
181 3500.00 1036.14 34.949328 58.0089 1.14677 14.5541 0.684593 0 6.78536 0.421776 2.08199 0 0 6.13024 5.15626 1.42231 0.802285 2.8054 0
180 5000.00 1061.57 39.167136 56.9994 1.38109 15.4449 0.853421 0 7.24836 0.382507 1.99847 0 0 6.0605 5.0963 1.28474 0.745767 2.50456 0
189 1000.00 1007.85 34.656602 59.7267 1.00577 13.1291 0.567207 0 6.05986 0.354941 2.33857 0 0 6.6407 4.92779 1.43355 0.979434 2.83631 0
184 2000.00 1036.42 39.110486 57.3273 1.25319 14.0773 0.693492 0 7.09359 0.410383 2.60396 0 0 6.84301 4.94053 1.28331 0.95685 2.51707 0
181 5000.00 1059.58 38.527175 57.139 1.35349 15.4158 0.837944 0 7.17834 0.386149 1.96986 0 0 6.01293 5.11714 1.30412 0.739867 2.54539 0
182 3500.00 1034.13 34.416025 58.1338 1.12319 14.5253 0.672758 0 6.71937 0.425642 2.05341 0 0 6.08398 5.17487 1.44229 0.797301 2.84814 0
190 1000.00 1005.86 34.141196 59.8486 0.984073 13.1001 0.557539 0 6.00287 0.357903 2.30504 0 0 6.59154 4.94726 1.45345 0.973387 2.87824 0
185 2000.00 1034.41 38.464459 57.4743 1.225 14.0499 0.68049 0 7.02865 0.414825 2.56443 0 0 6.78537 4.96674 1.30319 0.948769 2.55833 0 0
183 3500.00 1032.13 33.896176 58.2562 1.10019 14.4964 0.661238 0 6.65368 0.429487 2.02553 0 0 6.03854 5.19277 1.46232 0.79256 2.8911 0
191 1000.00 1003.86 33.638745 59.9681 0.962938 13.0709 0.548136 0 5.94603 0.360819 2.27225 0 0 6.54334 4.96602 1.4734 0.967649 2.92038 0
183 5000.00 1055.59 37.299421 57.4101 1.30036 15.3576 0.808322 0 7.03902 0.393375 1.91482 0 0 5.92029 5.1566 1.34298 0.728826 2.62768 0
186 2000.00 1032.40 37.836899 57.6181 1.19761 14.0222 0.667888 0 6.96403 0.419232 2.52595 0 0 6.72891 4.99213 1.3231 0.941065 2.59977 0
192 1000.00 1001.87 33.148719 60.0854 0.94235 13.0416 0.538988 0 5.88935 0.363689 2.24018 0 0 6.4961 4.98407 1.49338 0.96221 2.96271 0
184 3500.00 1030.13 33.389258 58.3761 1.07776 14.4675 0.65002 0 6.58829 0.433311 1.99831 0 0 5.99392 5.20998 1.4824 0.788055 2.93429 0
184 5000.00 1053.60 36.710191 57.5419 1.27478 15.3285 0.794135 0 6.96975 0.396959 1.88834 0 0 5.87518 5.17523 1.36247 0.723666 2.66914 0
187 2000.00 1030.39 37.226955 57.7586 1.17099 13.9945 0.655666 0 6.8997 0.423606 2.48849 0 0 6.67359 5.0167 1.34305 0.933723 2.6414 0
193 1000.00 999.87 32.670623 60.2004 0.922288 13.0121 0.530081 0 5.83283 0.366517 2.20881 0 0 6.44978 5.00144 1.51342 0.957059 3.00525 0
185 5000.00 1051.61 36.136502 57.6711 1.24983 15.2994 0.78034 0 6.90074 0.400525 1.86252 0 0 5.83085 5.19315 1.382 0.718736 2.71082 0
185 3500.00 1028.12 32.894771 58.4937 1.05588 14.4386 0.639091 0 6.52321 0.437115 1.97174 0 0 5.95009 5.22652 1.50253 0.783778 2.97772 0
188 2000.00 1028.38 36.677416 57.8917 1.14571 13.9551 0.641085 0 6.86629 0.428905 2.44601 0 0 6.62503 5.03256 1.36134 0.926231 2.68007 0
194 1000.00 997.88 32.203988 60.3131 0.902733 12.9826 0.521405 0 5.77648 0.369303 2.17812 0 0 6.40436 5.01814 1.5335 0.95219 3.04801 0
186 5000.00 1049.61 35.577736 57.798 1.22548 15.2702 0.76692 0 6.83201 0.404073 1.83733 0 0 5.78728 5.21036 1.40157 0.714026 2.75272 0
195 1000.00 995.88 31.748370 60.4237 0.883667 12.953 0.512951 0 5.72032 0.37205 2.14809 0 0 6.35981 5.03418 1.55363 0.947593 3.09098 0
187 5000.00 1047.62 35.033307 57.9225 1.20172 15.2411 0.753857 0 6.76356 0.407605 1.81275 0 0 5.74445 5.22687 1.42119 0.709531 2.79484 0
186 3500.00 1026.12 32.412233 58.609 1.03453 14.4097 0.628437 0 6.45845 0.440901 1.94578 0 0 5.90703 5.24237 1.52271 0.779723 3.02139 0
189 2000.00 1026.37 36.151186 58.0211 1.12122 13.9133 0.62634 0 6.83932 0.434442 2.40319 0 0 6.57873 5.04592 1.37928 0.91897 2.7182 0
196 1000.00 993.89 31.303352 60.5322 0.865074 12.9233 0.504708 0 5.66436 0.37476 2.11869 0 0 6.31612 5.04957 1.57381 0.943261 3.13417 0
187 3500.00 1024.12 31.941201 58.7219 1.01368 14.3808 0.618049 0 6.394 0.444668 1.92044 0 0 5.86472 5.25756 1.54295 0.775883 3.06529 0
190 2000.00 1024.36 35.638998 58.148 1.09737 13.8711 0.611953 0 6.81281 0.440039 2.36117 0 0 6.53354 5.05834 1.39719 0.912024 2.75641 00
197 1000.00 991.89 30.868537 60.6385 0.846936 12.8935 0.496667 0 5.60859 0.377434 2.08992 0 0 6.27326 5.06432 1.59405 0.939187 3.17758 0
188 3500.00 1022.11 31.481255 58.8327 0.993336 14.3519 0.607914 0 6.32987 0.448419 1.89567 0 0 5.82316 5.2721 1.56324 0.772254 3.10944 0
189 5000.00 1043.64 33.996377 58.171 1.15593 15.1786 0.729134 0 6.62679 0.415042 1.7646 0 0 5.66054 5.25823 1.46013 0.701179 2.87881 0
198 1000.00 989.90 30.443550 60.7428 0.829239 12.8637 0.488819 0 5.55303 0.380074 2.06174 0 0 6.23121 5.07846 1.61435 0.935366 3.22122 0
191 2000.00 1022.35 35.090370 58.2776 1.07359 13.8401 0.600922 0 6.75261 0.444543 2.32541 0 0 6.48415 5.07938 1.41717 0.905817 2.79864 0
189 3500.00 1020.11 31.031997 58.9412 0.973466 14.323 0.598023 0 6.26606 0.452153 1.87146 0 0 5.78231 5.28598 1.58358 0.768829 3.15384 0
190 5000.00 1041.64 33.500205 58.2938 1.13386 15.1461 0.717355 0 6.55863 0.41887 1.74116 0 0 5.61952 5.27301 1.47954 0.697302 2.92085 0
192 2000.00 1020.34 34.554276 58.4047 1.05042 13.8094 0.59029 0 6.69158 0.448986 2.29066 0 0 6.43559 5.10001 1.43727 0.899925 2.84122 0
199 1000.00 987.90 30.028036 60.845 0.811967 12.8338 0.481158 0 5.49768 0.382683 2.03415 0 0 6.18996 5.09197 1.63471 0.93179 3.2651 0
190 3500.00 1018.11 30.593047 59.0477 0.95406 14.2942 0.588366 0 6.20258 0.455871 1.8478 0 0 5.74218 5.29922 1.60399 0.765604 3.19849 0
193 2000.00 1018.33 34.031661 58.5291 1.02785 13.7785 0.579952 0 6.63073 0.453403 2.25673 0 0 6.38797 5.11997 1.45742 0.894325 2.88403 0
200 1000.00 985.91 29.621657 60.9452 0.795107 12.804 0.473675 0 5.44256 0.385262 2.00713 0 0 6.14948 5.10489 1.65512 0.928454 3.30921 0
191 5000.00 1039.65 33.017191 58.4151 1.11231 15.1132 0.705909 0 6.4907 0.422737 1.71818 0 0 5.57913 5.28715 1.49894 0.693615 2.96299 0
191 3500.00 1016.10 30.177808 59.1494 0.935226 14.2601 0.577763 0 6.15385 0.460092 1.82203 0 0 5.70526 5.30834 1.62365 0.762335 3.24192 0
194 2000.00 1016.32 33.521989 58.6509 1.00585 13.7476 0.569895 0 6.57008 0.457793 2.22359 0 0 6.34128 5.13926 1.47762 0.889008 2.92708 0
201 1000.00 983.91 29.224094 61.0433 0.778646 12.774 0.466362 0 5.38767 0.387813 1.98066 0 0 6.10975 5.11721 1.6756 0.925354 3.35356 0
192 5000.00 1037.66 32.546809 58.535 1.09127 15.0799 0.694783 0 6.42299 0.426646 1.69566 0 0 5.53937 5.30066 1.51833 0.69011 3.00524 0
192 3500.00 1014.10 29.800653 59.2437 0.917067 14.215 0.564928 0 6.13609 0.465459 1.79111 0 0 5.67443 5.30935 1.64165 0.758744 3.28239 0
202 1000.00 981.92 28.835040 61.1395 0.762569 12.7441 0.459214 0 5.33301 0.390339 1.95473 0 0 6.07077 5.12894 1.69615 0.922485 3.39816 0
195 2000.00 1014.31 33.024753 58.7702 0.984415 13.7167 0.560107 0 6.50963 0.462158 2.19121 0 0 6.29548 5.15789 1.49789 0.883965 2.97037 0
193 5000.00 1035.67 32.088561 58.6536 1.07071 15.0462 0.683962 0 6.35552 0.430597 1.67358 0 0 5.50022 5.31355 1.53771 0.686783 3.0476 0
203 1000.00 979.92 28.454208 61.2338 0.746866 12.7142 0.452223 0 5.2786 0.392842 1.92932 0 0 6.03251 5.14011 1.71676 0.919841 3.44301 0
193 3500.00 1012.10 29.431511 59.3364 0.899298 14.1699 0.552377 0 6.1185 0.4709 1.76065 0 0 5.64428 5.30968 1.65965 0.755336 3.32301 0
196 2000.00 1012.30 32.539474 58.8871 0.963515 13.6856 0.550576 0 6.44937 0.466499 2.15958 0 0 6.25056 5.17588 1.51821 0.879187 3.01391 0
204 1000.00 977.93 28.081321 61.3261 0.731525 12.6842 0.445383 0 5.22443 0.395323 1.90441 0 0 5.99496 5.15071 1.73744 0.917419 3.48811 0
194 5000.00 1033.68 31.641969 58.7708 1.05062 15.012 0.673433 0 6.28829 0.43459 1.65193 0 0 5.46167 5.32582 1.55709 0.683629 3.09007 00
194 3500.00 1010.10 29.070120 59.4274 0.881907 14.1248 0.540104 0 6.10105 0.476413 1.73063 0 0 5.61478 5.30935 1.67766 0.752105 3.36379 0
205 1000.00 975.93 27.716116 61.4164 0.716533 12.6543 0.438689 0 5.17053 0.397784 1.88 0 0 5.95811 5.16075 1.75818 0.915215 3.53346 0
198 2000.00 1008.28 31.603003 59.1137 0.923257 13.6235 0.532244 0 6.32946 0.475109 2.09841 0 0 6.16325 5.20996 1.55905 0.8704 3.10174 0
195 5000.00 1031.68 31.206572 58.8868 1.031 14.9775 0.663182 0 6.22132 0.438628 1.6307 0 0 5.42372 5.33746 1.57646 0.680643 3.13265 0
206 1000.00 973.94 27.358344 61.5049 0.701881 12.6244 0.432136 0 5.11688 0.400228 1.85607 0 0 5.92194 5.17024 1.779 0.913226 3.57908 0
199 2000.00 1006.27 31.150977 59.2235 0.903864 13.5923 0.523422 0 6.26981 0.47938 2.06885 0 0 6.12082 5.22608 1.57957 0.866376 3.14605 0
195 3500.00 1008.09 28.682453 59.5236 0.864681 14.0903 0.53084 0 6.04916 0.480679 1.70623 0 0 5.58092 5.31754 1.69782 0.749531 3.40871 0
196 5000.00 1029.69 30.781949 59.0014 1.01182 14.9426 0.6532 0 6.1546 0.442709 1.60988 0 0 5.38634 5.34849 1.59583 0.677821 3.17535 0
200 2000.00 1004.26 30.709238 59.331 0.884939 13.5612 0.514818 0 6.21037 0.483629 2.03993 0 0 6.07918 5.24158 1.60015 0.862591 3.19062 0
207 1000.00 971.94 27.007764 61.5915 0.687559 12.5945 0.425717 0 5.0635 0.402657 1.83261 0 0 5.88643 5.17919 1.7999 0.911449 3.62496 0 0
201 2000.00 1002.25 30.277421 59.4363 0.866468 13.53 0.506423 0 6.15114 0.487857 2.01164 0 0 6.03831 5.25649 1.62081 0.859038 3.23545 0
197 3500.00 1004.09 27.912920 59.7143 0.831245 14.0273 0.514446 0 5.9265 0.488445 1.66176 0 0 5.51219 5.33741 1.73954 0.745182 3.50163 0
197 5000.00 1027.70 30.367700 59.1147 0.993066 14.9073 0.643473 0 6.08815 0.446837 1.58946 0 0 5.34954 5.35891 1.61519 0.675157 3.21816 0
208 1000.00 969.95 26.664150 61.6763 0.673556 12.5646 0.419428 0 5.0104 0.405074 1.8096 0 0 5.85159 5.18761 1.82086 0.909881 3.67111 0
202 2000.00 1000.24 29.855180 59.5395 0.848437 13.4989 0.498228 0 6.09213 0.492064 1.98395 0 0 5.9982 5.27081 1.64153 0.855713 3.28055 0
198 3500.00 1002.08 27.540188 59.807 0.815073 13.9959 0.506521 0 5.86551 0.492312 1.6402 0 0 5.4787 5.34653 1.76051 0.743267 3.54851 0
209 1000.00 967.95 26.327282 61.7591 0.659863 12.5348 0.413264 0 4.95757 0.407479 1.78704 0 0 5.81738 5.19551 1.84191 0.908518 3.71754 0
203 2000.00 998.24 29.442186 59.6405 0.83083 13.4677 0.490227 0 6.03333 0.496252 1.95685 0 0 5.95882 5.28454 1.66233 0.85261 3.32593 0
199 3500.00 1000.08 27.175147 59.8978 0.799251 13.9645 0.49877 0 5.80475 0.496168 1.61907 0 0 5.44578 5.35511 1.78155 0.741519 3.59568 0
198 5000.00 1025.71 29.963447 59.2269 0.974736 14.8717 0.633992 0 6.02197 0.45101 1.56943 0 0 5.31329 5.36871 1.63455 0.672649 3.26109 0
204 2000.00 996.23 29.038126 59.7395 0.813635 13.4366 0.482411 0 5.97475 0.50042 1.93033 0 0 5.92017 5.2977 1.6832 0.849725 3.37159 0
210 1000.00 965.96 25.996953 61.8402 0.646471 12.505 0.407221 0 4.90503 0.409875 1.7649 0 0 5.78381 5.20289 1.86303 0.90736 3.76424 0
200 3500.00 998.08 26.817565 59.987 0.78377 13.9331 0.491187 0 5.74423 0.500015 1.59836 0 0 5.41343 5.36316 1.80267 0.739938 3.64314 0
205 2000.00 994.22 28.642702 59.8364 0.796839 13.4054 0.474774 0 5.91639 0.50457 1.90436 0 0 5.88222 5.31029 1.70415 0.847054 3.41752 0
211 1000.00 963.96 25.672963 61.9194 0.633372 12.4752 0.401295 0 4.85278 0.412265 1.74319 0 0 5.75087 5.20975 1.88423 0.906403 3.81121 0
201 3500.00 996.07 26.467215 60.0744 0.76862 13.9018 0.483765 0 5.68395 0.503852 1.57807 0 0 5.38163 5.37069 1.82387 0.73852 3.69089 0
199 5000.00 1023.71 29.568830 59.3378 0.956813 14.8358 0.624747 0 5.95606 0.455231 1.54977 0 0 5.2776 5.37791 1.6539 0.670292 3.30413 0
206 2000.00 992.21 28.255629 59.9313 0.78043 13.3743 0.467309 0 5.85826 0.508703 1.87893 0 0 5.84497 5.32232 1.72517 0.844592 3.46375 0
202 3500.00 994.07 26.123883 60.1601 0.753792 13.8704 0.476499 0 5.62391 0.507681 1.55817 0 0 5.35037 5.37768 1.84514 0.737265 3.73894 0
212 1000.00 961.97 25.355122 61.9968 0.620557 12.4455 0.395481 0 4.80082 0.414651 1.72189 0 0 5.71853 5.21611 1.90552 0.905646 3.85848 0
200 5000.00 1021.72 29.183505 59.4475 0.939285 14.7995 0.615728 0 5.89045 0.459499 1.53048 0 0 5.24244 5.3865 1.67324 0.668083 3.34729 0
207 2000.00 990.20 27.876638 60.0242 0.764397 13.3432 0.46001 0 5.80035 0.512819 1.85402 0 0 5.8084 5.33379 1.74627 0.842336 3.51026 0
203 3500.00 992.07 25.787363 60.2442 0.739278 13.8391 0.469384 0 5.56412 0.511503 1.53865 0 0 5.31965 5.38416 1.86649 0.736168 3.78728 0
213 1000.00 959.97 25.043245 62.0725 0.608017 12.4158 0.389775 0 4.74915 0.417034 1.70098 0 0 5.6868 5.22198 1.92688 0.905088 3.90603 0
208 2000.00 988.19 27.505469 60.1151 0.748728 13.3121 0.45287 0 5.74267 0.516918 1.82962 0 0 5.77249 5.34471 1.76745 0.840283 3.55706 0
204 3500.00 990.06 25.457455 60.3266 0.725069 13.8079 0.462414 0 5.50458 0.515318 1.51951 0 0 5.28945 5.39011 1.88791 0.73523 3.83591 0
201 5000.00 1019.73 28.807149 59.556 0.922142 14.7629 0.606926 0 5.82512 0.463817 1.51155 0 0 5.20782 5.3945 1.69259 0.666019 3.39056 0
214 1000.00 957.98 24.737159 62.1463 0.595746 12.3862 0.384173 0 4.69779 0.419417 1.68046 0 0 5.65567 5.22735 1.94833 0.904726 3.95387 0
205 3500.00 988.06 25.133971 60.4074 0.711157 13.7766 0.455586 0 5.4453 0.519127 1.50074 0 0 5.25978 5.39555 1.90941 0.734448 3.88485 0
209 2000.00 986.18 27.141877 60.2041 0.733412 13.281 0.445885 0 5.68522 0.521003 1.8057 0 0 5.73724 5.35509 1.78872 0.838429 3.60415 0
215 1000.00 955.98 24.436695 62.2184 0.583737 12.3566 0.378673 0 4.64674 0.421801 1.66033 0 0 5.62512 5.23224 1.96987 0.904561 4.00201 0
202 5000.00 1017.74 28.439450 59.6634 0.905372 14.7261 0.598333 0 5.76009 0.468184 1.49297 0 0 5.17373 5.40189 1.71192 0.664095 3.43395 0
206 3500.00 986.06 24.816729 60.4866 0.697535 13.7454 0.448894 0 5.38629 0.522931 1.48233 0 0 5.23061 5.40047 1.931 0.73382 3.93409 0
216 1000.00 953.99 24.141692 62.2887 0.571981 12.327 0.373271 0 4.59599 0.42419 1.64056 0 0 5.59515 5.23664 1.99149 0.90459 4.05045 0
210 2000.00 984.17 26.785626 60.2912 0.71844 13.25 0.439049 0 5.628 0.525073 1.78227 0 0 5.70263 5.36493 1.81006 0.836772 3.65155 0
207 3500.00 984.05 24.505552 60.5643 0.684195 13.7142 0.442334 0 5.32753 0.52673 1.46426 0 0 5.20195 5.40489 1.95266 0.733346 3.98363 0
203 5000.00 1015.75 28.080114 59.7696 0.888965 14.6889 0.58994 0 5.69537 0.472602 1.47473 0 0 5.14014 5.40869 1.73126 0.662311 3.47746 0
217 1000.00 951.99 23.851994 62.3572 0.560472 12.2976 0.367964 0 4.54556 0.426585 1.62115 0 0 5.56575 5.24057 2.01321 0.904813 4.09918 0
211 2000.00 982.16 26.436490 60.3765 0.703801 13.219 0.432356 0 5.57102 0.529129 1.75931 0 0 5.66865 5.37423 1.83149 0.835309 3.69924 0
208 3500.00 982.05 24.200273 60.6404 0.671131 13.683 0.435901 0 5.26905 0.530525 1.44652 0 0 5.17378 5.40879 1.9744 0.733025 4.03347 0
204 5000.00 1013.75 27.728860 59.8747 0.872911 14.6515 0.58174 0 5.63095 0.477071 1.45682 0 0 5.10707 5.4149 1.75059 0.660662 3.52109 0
209 3500.00 980.05 23.900730 60.7149 0.658334 13.6519 0.429593 0 5.21083 0.534318 1.42912 0 0 5.14611 5.41219 1.99623 0.732855 4.08363 0
212 2000.00 980.15 26.094254 60.4599 0.689487 13.188 0.425803 0 5.51428 0.533172 1.73679 0 0 5.63529 5.383 1.853 0.834038 3.74724 0
218 1000.00 950.00 23.325158 62.4617 0.550276 12.2604 0.362061 0 4.48782 0.432401 1.59359 0 0 5.5239 5.24117 2.05254 0.904308 4.12981 0
205 5000.00 1011.76 27.385420 59.9787 0.857201 14.6138 0.573725 0 5.56685 0.481593 1.43924 0 0 5.07449 5.42051 1.76991 0.659146 3.56483 0
210 3500.00 978.04 23.606767 60.788 0.645799 13.6207 0.423404 0 5.1529 0.538108 1.41203 0 0 5.11891 5.41509 2.01813 0.732835 4.13409 0
213 2000.00 978.14 25.758713 60.5415 0.675488 13.157 0.419383 0 5.45777 0.537203 1.71472 0 0 5.60254 5.39125 1.8746 0.832956 3.79555 0
211 3500.00 976.04 23.318235 60.8595 0.633518 13.5896 0.417331 0 5.09524 0.541897 1.39526 0 0 5.0922 5.41748 2.04012 0.732966 4.18487 0
206 5000.00 1009.77 27.056737 60.0696 0.841748 14.5725 0.563814 0 5.52646 0.486501 1.41868 0 0 5.04651 5.42048 1.78858 0.657394 3.60772 0
214 2000.00 976.13 25.429668 60.6213 0.661795 13.1261 0.413093 0 5.40151 0.541223 1.69307 0 0 5.57039 5.39897 1.89628 0.832063 3.84417 0
212 3500.00 974.04 23.034989 60.9295 0.621487 13.5585 0.411371 0 5.03786 0.545685 1.37879 0 0 5.06596 5.41937 2.06219 0.733245 4.23596 0
215 2000.00 974.12 25.106931 60.6994 0.6484 13.0952 0.406928 0 5.34549 0.545232 1.67184 0 0 5.53883 5.40618 1.91806 0.831355 3.8931 0
213 3500.00 972.03 22.756890 60.9981 0.609698 13.5275 0.40552 0 4.98078 0.549473 1.36262 0 0 5.04018 5.42076 2.08434 0.733674 4.28736 0
216 2000.00 972.11 24.790321 60.7757 0.635295 13.0643 0.400884 0 5.28972 0.549232 1.65101 0 0 5.50786 5.41287 1.93992 0.830832 3.94235 0
215 3500.00 968.03 22.215603 61.131 0.586824 13.4654 0.394132 0 4.86747 0.557054 1.33113 0 0 4.99002 5.42204 2.1289 0.734976 4.39112 0
217 2000.00 970.10 24.479662 60.8503 0.622472 13.0335 0.394958 0 5.23419 0.553223 1.63058 0 0 5.47745 5.41905 1.96187 0.830492 3.99192 0
216 3500.00 966.03 21.952163 61.1953 0.575729 13.4343 0.388589 0 4.81126 0.560848 1.3158 0 0 4.96562 5.42194 2.15131 0.735849 4.44348 0
217 3500.00 964.02 21.693362 61.2581 0.564854 13.4033 0.383144 0 4.75536 0.564645 1.30073 0 0 4.94166 5.42134 2.1738 0.736871 4.49617 0
218 2000.00 968.09 24.174789 60.9232 0.609925 13.0027 0.389145 0 5.17892 0.557206 1.61054 0 0 5.44762 5.42472 1.98392 0.830335 4.04181 0
218 3500.00 962.02 21.439086 61.3196 0.554194 13.3723 0.377792 0 4.69975 0.568447 1.28593 0 0 4.91815 5.42025 2.19637 0.738041 4.54917 0
219 2000.00 966.08 23.875540 60.9944 0.597644 12.9719 0.383443 0 5.1239 0.561182 1.59086 0 0 5.41834 5.42989 2.00605 0.830359 4.09203 0
219 3500.00 960.02 21.189222 61.3797 0.543745 13.3413 0.372532 0 4.64445 0.572254 1.27138 0 0 4.89508 5.41866 2.21903 0.739361 4.6025 0
220 2000.00 964.07 23.581763 61.0639 0.585625 12.9412 0.377847 0 5.06913 0.565152 1.57155 0 0 5.38962 5.43455 2.02828 0.830563 4.14258 0
220 3500.00 958.01 20.943662 61.4385 0.5335 13.3103 0.367361 0 4.58946 0.576066 1.25708 0 0 4.87245 5.41658 2.24178 0.740829 4.65616 0
221 2000.00 962.06 23.293308 61.1318 0.573859 12.9105 0.372354 0 5.01462 0.569116 1.5526 0 0 5.36144 5.43871 2.05061 0.830948 4.19346 0
221 3500.00 956.01 20.702303 61.4958 0.523457 13.2793 0.362276 0 4.53478 0.579886 1.24302 0 0 4.85025 5.41401 2.26461 0.742447 4.71015 0
222 3500.00 954.01 20.465043 61.5519 0.51361 13.2483 0.357275 0 4.48041 0.583713 1.22919 0 0 4.82849 5.41094 2.28753 0.744215 4.76447 0
223 3500.00 952.00 20.231786 61.6066 0.503954 13.2173 0.352356 0 4.42637 0.587549 1.2156 0 0 4.80715 5.40739 2.31053 0.746135 4.81912 0
223 2000.00 958.04 22.731802 61.2627 0.551065 12.8492 0.361667 0 4.90638 0.577033 1.51571 0 0 5.30669 5.44554 2.09554 0.832256 4.29623 0
224 3500.00 950.00 20.002436 61.66 0.494486 13.1863 0.347517 0 4.37264 0.591393 1.20223 0 0 4.78624 5.40334 2.33362 0.748206 4.8741 0
224 2000.00 956.03 22.458482 61.3257 0.540023 12.8186 0.356466 0 4.85265 0.580988 1.49777 0 0 5.28011 5.44821 2.11816 0.833179 4.34813 0
225 2000.00 954.02 22.189946 61.3872 0.529212 12.788 0.351357 0 4.79918 0.58494 1.48014 0 0 5.25405 5.45039 2.14087 0.834282 4.40037 0
226 2000.00 952.01 21.926073 61.4471 0.518624 12.7575 0.346336 0 4.74598 0.588892 1.46283 0 0 5.22851 5.45208 2.16368 0.835565 4.45295 0
227 2000.00 950.00 21.666743 61.5054 0.508254 12.727 0.341402 0 4.69305 0.592845 1.44582 0 0 5.20348 5.45327 2.18659 0.837028 4.50589 0