Solid Composition:
index Pressure Temperature mass SiO2 TiO2 Al2O3 Fe2O3 Cr2O3 FeO MnO MgO NiO CoO CaO Na2O K2O P2O5 H2O CO2 
1 1000.00 1400.00 0.000000 ---
2 1000.00 1397.00 0.000000 ---
3 2000.00 1394.00 0.000000 ---
4 5000.00 1391.00 0.000000 ---
5 5000.00 1388.00 0.000000 ---
6 1000.00 1385.00 0.000000 ---
7 5000.00 1382.00 0.000000 ---
8 1000.00 1379.00 0.000000 ---
8 3500.00 1379.00 0.000000 ---
9 1000.00 1376.00 0.000000 ---
9 2000.00 1376.00 0.000000 ---
10 1000.00 1373.00 0.000000 ---
10 5000.00 1373.00 0.000000 ---
10 3500.00 1373.00 0.000000 ---
11 5000.00 1370.00 0.000000 ---
11 2000.00 1370.00 0.000000 ---
12 5000.00 1367.00 0.000000 ---
12 2000.00 1367.00 0.000000 ---
13 5000.00 1364.00 0.000000 ---
13 2000.00 1364.00 0.000000 ---
14 5000.00 1361.00 0.000000 ---
15 5000.00 1358.00 0.000000 ---
16 1000.00 1355.00 0.000000 ---
17 5000.00 1352.00 0.000000 ---
18 5000.00 1349.00 0.000000 ---
18 2000.00 1349.00 0.000000 ---
19 3500.00 1346.00 0.000000 ---
20 1000.00 1343.00 0.000000 ---
20 3500.00 1343.00 0.000000 ---
21 1000.00 1340.00 0.000000 ---
21 3500.00 1340.00 0.000000 ---
22 1000.00 1337.00 0.000000 ---
22 3500.00 1337.00 0.000000 ---
23 5000.00 1334.00 0.000000 ---
22 2000.00 1337.00 0.000000 ---
24 1000.00 1331.00 0.000000 ---
24 3500.00 1331.00 0.000000 ---
23 2000.00 1334.00 0.000000 ---
25 5000.00 1328.00 0.000000 ---
24 2000.00 1331.00 0.000000 ---
26 5000.00 1325.00 0.000000 ---
25 2000.00 1328.00 0.000000 ---
27 5000.00 1322.00 0.000000 ---
27 3500.00 1322.00 0.000000 ---
28 1000.00 1319.00 0.000000 ---
28 3500.00 1319.00 0.000000 ---
29 1000.00 1316.00 0.000000 ---
29 3500.00 1316.00 0.000000 ---
30 5000.00 1313.00 0.000000 ---
30 3500.00 1313.00 0.000000 ---
31 1000.00 1310.00 0.000000 ---
30 2000.00 1313.00 0.000000 ---
32 5000.00 1307.00 0.000000 ---
32 3500.00 1307.00 0.000000 ---
31 2000.00 1310.00 0.000000 ---
33 5000.00 1304.00 0.000000 ---
33 3500.00 1304.00 0.000000 ---
34 1000.00 1301.00 0.000000 ---
34 5000.00 1301.00 0.000000 ---
34 3500.00 1301.00 0.000000 ---
35 1000.00 1298.00 0.000000 ---
35 5000.00 1298.00 0.000000 ---
35 3500.00 1298.00 0.000000 ---
34 2000.00 1301.00 0.000000 ---
36 5000.00 1295.00 0.000000 ---
36 3500.00 1295.00 0.000000 ---
35 2000.00 1298.00 0.000000 ---
37 5000.00 1292.00 0.000000 ---
37 3500.00 1292.00 0.000000 ---
38 1000.00 1289.00 0.000000 ---
38 5000.00 1289.00 0.000000 ---
38 3500.00 1289.00 0.000000 ---
37 2000.00 1292.00 0.000000 ---
39 5000.00 1286.00 0.000000 ---
40 1000.00 1283.00 0.000000 ---
40 3500.00 1283.00 0.000000 ---
39 2000.00 1286.00 0.000000 ---
41 5000.00 1280.00 0.000000 ---
41 3500.00 1280.00 0.000000 ---
42 1000.00 1277.00 0.000000 ---
42 5000.00 1277.00 0.000000 ---
42 3500.00 1277.00 0.000000 ---
43 1000.00 1274.00 0.000000 ---
43 3500.00 1274.00 0.000000 ---
44 1000.00 1271.00 0.000000 ---
44 5000.00 1271.00 0.000000 ---
43 2000.00 1274.00 0.000000 ---
45 5000.00 1268.00 0.000000 ---
44 2000.00 1271.00 0.000000 ---
46 5000.00 1265.00 0.000000 ---
47 1000.00 1262.00 0.000000 ---
47 3500.00 1262.00 0.000000 ---
46 2000.00 1265.00 0.000000 ---
48 5000.00 1259.00 0.000000 ---
49 1000.00 1256.00 0.000000 ---
49 5000.00 1256.00 0.000000 ---
50 1000.00 1253.00 0.000000 ---
50 5000.00 1253.00 0.000000 ---
51 1000.00 1250.00 0.000000 ---
51 5000.00 1250.00 0.000000 ---
52 1000.00 1247.00 0.000000 ---
52 5000.00 1247.00 0.000000 ---
52 3500.00 1247.00 0.000000 ---
51 2000.00 1250.00 0.000000 ---
53 5000.00 1244.00 0.000000 ---
53 3500.00 1244.00 0.000000 ---
52 2000.00 1247.00 0.000000 ---
54 5000.00 1241.00 0.000000 ---
54 3500.00 1241.00 0.000000 ---
55 1000.00 1238.00 0.000000 ---
55 5000.00 1238.00 0.000000 ---
55 3500.00 1238.00 0.000000 ---
54 2000.00 1241.00 0.000000 ---
56 5000.00 1235.00 0.000000 ---
56 3500.00 1235.00 0.000000 ---
57 5000.00 1232.00 0.000000 ---
57 3500.00 1232.00 0.000000 ---
58 5000.00 1229.00 0.000000 ---
58 3500.00 1229.00 0.000000 ---
57 2000.00 1232.00 0.000000 ---
59 3500.00 1226.00 0.000000 ---
58 2000.00 1229.00 0.000000 ---
60 3500.00 1223.00 0.000000 ---
59 2000.00 1226.00 0.000000 ---
61 1000.00 1220.00 0.000000 ---
61 3500.00 1220.00 0.000000 ---
60 2000.00 1223.00 0.000000 ---
62 1000.00 1217.00 0.000000 ---
62 5000.00 1217.00 0.000000 ---
61 2000.00 1220.00 0.000000 ---
63 1000.00 1214.00 0.000000 ---
63 5000.00 1214.00 0.000000 ---
64 1000.00 1211.00 0.000000 ---
64 3500.00 1211.00 0.000000 ---
63 2000.00 1214.00 0.000000 ---
65 5000.00 1208.00 0.000000 ---
64 2000.00 1211.00 0.000000 ---
66 3500.00 1205.00 0.000000 ---
65 2000.00 1208.00 0.000000 ---
67 5000.00 1202.00 0.000000 ---
68 1000.00 1199.00 0.000000 ---
68 3500.00 1199.00 0.000000 ---
68 5000.00 1199.00 0.000000 ---
69 1000.00 1196.00 0.000000 ---
69 3500.00 1196.00 0.000000 ---
69 5000.00 1196.00 0.000000 ---
68 2000.00 1199.00 0.000000 ---
71 3500.00 1190.00 0.000000 ---
70 2000.00 1193.00 0.000000 ---
72 1000.00 1187.00 0.000000 ---672 1.65173 6.14142 2.47425 0 5.69875 0 14.9333 0 0 20.0726 0.35597 0 0 0 0
71 2000.00 1190.00 0.000000 ---
73 1000.00 1184.00 0.000000 ---
72 2000.00 1187.00 0.000000 ---
74 1000.00 1181.00 0.000000 ---
71 5000.00 1194.00 0.419456 48.7316 1.62377 6.09877 2.46468 0 5.67667 0 14.975 0 0 20.0757 0.353743 0 0 0 0
75 1000.00 1178.00 0.000000 ---
75 3500.00 1178.00 0.000000 ---
76 1000.00 1175.00 0.000000 ---
75 2000.00 1178.00 0.000000 ---
77 1000.00 1172.00 0.000000 ---
77 3500.00 1172.00 0.000000 ---
76 2000.00 1175.00 0.000000 ---
78 1000.00 1169.00 0.000000 ---
73 5000.00 1194.00 0.419456 48.7316 1.62377 6.09877 2.46468 0 5.67667 0 14.975 0 0 20.0757 0.353743 0 0 0 0
77 2000.00 1172.00 0.000000 ---
79 1000.00 1166.00 0.000000 ---
78 2000.00 1169.00 0.000000 ---3928 1.8725 6.16716 2.45866 0 5.52784 0 14.7006 0 0 20.5628 0.317616 0 0 0 0
80 1000.00 1163.00 0.000000 ---
79 2000.00 1166.00 0.000000 ---
74 5000.00 1194.10 0.373821 48.7375 1.621 6.09452 2.46372 0 5.67446 0 14.9792 0 0 20.076 0.353521 0 0 0 0
80 2000.00 1163.00 0.000000 ---
82 1000.00 1157.00 0.000000 ---
81 2000.00 1160.00 0.000000 ---
75 5000.00 1194.20 0.328162 48.7435 1.61823 6.09026 2.46276 0 5.67226 0 14.9834 0 0 20.0763 0.353298 0 0 0 0
79 3500.00 1170.00 0.105342 48.4617 1.83782 6.11984 2.44829 0 5.50652 0 14.7444 0 0 20.5659 0.315578 0 0 0 0
83 1000.00 1154.00 0.000000 ---
82 2000.00 1157.00 0.000000 ---
84 1000.00 1151.00 0.000000 ---
83 2000.00 1154.00 0.000000 ---
76 5000.00 1194.30 0.282479 48.7494 1.61547 6.08601 2.46181 0 5.67006 0 14.9876 0 0 20.0766 0.353076 0 0 0 0
84 2000.00 1151.00 0.000000 ---
86 1000.00 1145.00 0.000000 ---
85 2000.00 1148.00 0.000000 ---
87 1000.00 1142.00 0.000000 ---
86 2000.00 1145.00 0.000000 ---
77 5000.00 1194.40 0.236771 48.7553 1.61272 6.08177 2.46085 0 5.66785 0 14.9917 0 0 20.0769 0.352853 0 0 0 0
89 1000.00 1136.00 0.000000 ---
81 3500.00 1170.00 0.105342 48.4617 1.83782 6.11984 2.44829 0 5.50652 0 14.7444 0 0 20.5659 0.315578 0 0 0 0
90 1000.00 1133.00 0.000000 ---
78 5000.00 1194.50 0.191038 48.7612 1.60996 6.07752 2.45989 0 5.66565 0 14.9959 0 0 20.0773 0.352631 0 0 0 0
91 1000.00 1130.00 0.000000 ---
87 2000.00 1142.00 1.321266 47.7833 2.28865 6.40099 2.48991 0 5.39441 0 14.3102 0 0 21.046 0.286492 0 0 0 0
82 3500.00 1170.10 0.059156 48.4685 1.8344 6.11513 2.44725 0 5.50439 0 14.7488 0 0 20.5662 0.315374 0 0 0 0
79 5000.00 1194.60 0.145280 48.7671 1.60722 6.07327 2.45893 0 5.66345 0 15.0001 0 0 20.0776 0.352409 0 0 0 0
88 2000.00 1143.00 0.854202 47.8724 2.23976 6.34296 2.47772 0 5.37481 0 14.3602 0 0 21.0475 0.284589 0 0 0 0
92 1000.00 1127.00 0.239713 47.5435 2.4893 6.44031 2.488 0 5.23101 0 14.1719 0 0 21.3749 0.261119 0 0 0 0
83 3500.00 1170.20 0.012949 48.4754 1.83098 6.11042 2.44621 0 5.50226 0 14.7531 0 0 20.5665 0.315171 0 0 0 0
80 5000.00 1194.70 0.099497 48.773 1.60448 6.06903 2.45797 0 5.66124 0 15.0042 0 0 20.0779 0.352187 0 0 0 0
93 1000.00 1128.00 0.000000 ---9598 2.1922 6.28579 2.4656 0 5.35512 0 14.4096 0 0 21.0491 0.282691 0 0 0 0
84 3500.00 1170.30 0.000000 ---
81 5000.00 1194.80 0.053690 48.7789 1.60174 6.06479 2.45701 0 5.65904 0 15.0084 0 0 20.0782 0.351964 0 0 0 0
94 1000.00 1127.00 0.239713 47.5435 2.4893 6.44031 2.488 0 5.23101 0 14.1719 0 0 21.3749 0.261119 0 0 0 0
90 2000.00 1145.00 0.000000 ---
85 3500.00 1170.20 0.012949 48.4754 1.83098 6.11042 2.44621 0 5.50226 0 14.7531 0 0 20.5665 0.315171 0 0 0 0
82 5000.00 1194.90 0.007857 48.7848 1.59901 6.06055 2.45605 0 5.65684 0 15.0126 0 0 20.0785 0.351742 0 0 0 0
95 1000.00 1127.10 0.191680 47.5542 2.48324 6.43349 2.48657 0 5.22921 0 14.1775 0 0 21.3748 0.260935 0 0 0 0
91 2000.00 1144.00 0.385690 47.9598 2.1922 6.28579 2.4656 0 5.35512 0 14.4096 0 0 21.0491 0.282691 0 0 0 0
83 5000.00 1195.00 0.000000 ---
87 3500.00 1170.30 0.000000 ---
88 3500.00 1175.30 0.000000 ---
89 3500.00 1170.40 0.000000 ---
96 1000.00 1127.20 0.143638 47.5649 2.4772 6.42668 2.48514 0 5.22742 0 14.1831 0 0 21.3748 0.260752 0 0 0 0
92 2000.00 1144.10 0.338755 47.9685 2.18751 6.28012 2.46439 0 5.35315 0 14.4146 0 0 21.0493 0.282502 0 0 0 0
90 3500.00 1175.40 0.000000 ---
84 5000.00 1194.90 0.007857 48.7848 1.59901 6.06055 2.45605 0 5.65684 0 15.0126 0 0 20.0785 0.351742 0 0 0 0
91 3500.00 1170.50 0.000000 ---
93 2000.00 1144.20 0.291806 47.9771 2.18284 6.27446 2.46318 0 5.35118 0 14.4195 0 0 21.0495 0.282312 0 0 0 0
92 3500.00 1175.50 0.000000 ---5755 2.47118 6.41989 2.48372 0 5.22562 0 14.1887 0 0 21.3748 0.260569 0 0 0 0
85 5000.00 1199.90 0.000000 ---
93 3500.00 1170.60 0.000000 ---
86 5000.00 1195.00 0.000000 ---
94 3500.00 1175.60 0.000000 ---
94 2000.00 1144.30 0.244840 47.9857 2.17818 6.2688 2.46197 0 5.3492 0 14.4244 0 0 21.0496 0.282123 0 0 0 0
98 1000.00 1127.40 0.047528 47.5861 2.46519 6.41312 2.48229 0 5.22383 0 14.1943 0 0 21.3748 0.260386 0 0 0 0
95 3500.00 1170.70 0.000000 ---
88 5000.00 1195.10 0.000000 ---9943 2.17354 6.26316 2.46076 0 5.34723 0 14.4293 0 0 21.0498 0.281933 0 0 0 0
96 3500.00 1175.70 0.000000 ---
89 5000.00 1200.10 0.000000 ---
99 1000.00 1127.50 0.000000 ---
97 3500.00 1170.80 0.000000 ---
96 2000.00 1144.50 0.150862 48.0029 2.1689 6.25752 2.45956 0 5.34525 0 14.4342 0 0 21.05 0.281744 0 0 0 0
98 3500.00 1175.80 0.000000 ---
91 5000.00 1200.20 0.000000 ---
99 3500.00 1170.90 0.000000 ---
92 5000.00 1195.30 0.000000 ---
100 3500.00 1175.90 0.000000 ---
100 1000.00 1127.40 0.047528 47.5861 2.46519 6.41312 2.48229 0 5.22383 0 14.1943 0 0 21.3748 0.260386 0 0 0 0
93 5000.00 1200.30 0.000000 ---
101 3500.00 1171.00 0.000000 ---
97 2000.00 1144.60 0.103850 48.0114 2.16428 6.25189 2.45835 0 5.34327 0 14.4391 0 0 21.0501 0.281555 0 0 0 0
94 5000.00 1195.40 0.000000 ---
102 3500.00 1176.00 0.000000 ---
95 5000.00 1200.40 0.000000 ---
102 1000.00 1127.50 0.000000 ---2 2.15967 6.24627 2.45715 0 5.3413 0 14.444 0 0 21.0503 0.281366 0 0 0 0
96 5000.00 1195.50 0.000000 ---
103 1000.00 1132.50 0.000000 ---
97 5000.00 1200.50 0.000000 ---
104 1000.00 1127.60 0.000000 ---
98 5000.00 1195.60 0.000000 ---
105 1000.00 1132.60 0.000000 ---
99 2000.00 1144.80 0.009777 48.0285 2.15508 6.24065 2.45594 0 5.33932 0 14.4488 0 0 21.0505 0.281177 0 0 0 0
107 3500.00 1171.30 0.000000 ---
100 5000.00 1195.70 0.000000 ---
107 1000.00 1132.70 0.000000 ---
101 5000.00 1200.70 0.000000 ---
109 3500.00 1171.40 0.000000 ---
100 2000.00 1144.90 0.000000 ---
102 5000.00 1195.80 0.000000 ---
110 3500.00 1176.40 0.000000 ---
109 1000.00 1132.80 0.000000 ---
111 3500.00 1171.50 0.000000 ---
104 5000.00 1195.90 0.000000 ---
112 3500.00 1176.50 0.000000 ---
101 2000.00 1144.80 0.009777 48.0285 2.15508 6.24065 2.45594 0 5.33932 0 14.4488 0 0 21.0505 0.281177 0 0 0 0
111 1000.00 1132.90 0.000000 ---
113 3500.00 1171.60 0.000000 ---
102 2000.00 1149.80 0.000000 ---
114 3500.00 1170.35 0.000000 ---
103 2000.00 1144.90 0.000000 ---
114 1000.00 1128.10 0.000000 ---
105 2000.00 1145.00 0.000000 ---
106 2000.00 1150.00 0.000000 ---
115 3500.00 1168.35 0.865790 48.3473 1.89555 6.19828 2.46544 0 5.54176 0 14.6719 0 0 20.5608 0.318949 0 0 0 0
107 2000.00 1145.10 0.000000 ---
111 5000.00 1201.20 0.000000 ---
112 5000.00 1196.30 0.000000 ---
116 3500.00 1166.34 1.779736 48.2054 1.96824 6.29477 2.48622 0 5.58445 0 14.5832 0 0 20.5546 0.323049 0 0 0 0
109 2000.00 1145.20 0.000000 ---
120 1000.00 1128.40 0.000000 ---
117 3500.00 1164.34 2.685943 48.0597 2.04407 6.39294 2.507 0 5.62713 0 14.4936 0 0 20.5483 0.327164 0 0 0 0
111 2000.00 1145.30 0.000000 ---
114 5000.00 1193.06 0.848264 48.6755 1.6501 6.13895 2.4737 0 5.69747 0 14.9357 0 0 20.0728 0.355841 0 0 0 0
122 1000.00 1128.50 0.000000 ---
112 2000.00 1150.30 0.000000 ---
118 3500.00 1162.34 3.584909 47.91 2.12323 6.49286 2.52779 0 5.66978 0 14.4031 0 0 20.5419 0.331291 0 0 0 0
123 1000.00 1133.50 0.000000 ---
115 5000.00 1191.07 1.747950 48.5553 1.70721 6.22447 2.49267 0 5.7416 0 14.8522 0 0 20.0662 0.360288 0 0 0 0
124 1000.00 1128.60 0.000000 ---
114 2000.00 1150.40 0.000000 ---
125 1000.00 1133.60 0.000000 ---
119 3500.00 1160.33 4.477124 47.7561 2.20588 6.59462 2.54857 0 5.71238 0 14.3115 0 0 20.5355 0.335427 0 0 0 0
126 1000.00 1128.70 0.000000 ---
116 5000.00 1189.07 2.638541 48.433 1.7663 6.31079 2.51151 0 5.7859 0 14.7685 0 0 20.0593 0.364748 0 0 0 0
127 1000.00 1133.70 0.000000 ---
128 1000.00 1128.80 0.000000 ---
117 2000.00 1145.60 0.000000 ---
129 1000.00 1127.55 0.000000 ---
118 2000.00 1150.60 0.000000 ---3083 1.82746 6.39794 2.53024 0 5.83038 0 14.6844 0 0 20.052 0.36922 0 0 0 0
119 2000.00 1145.70 0.000000 ---
120 2000.00 1150.70 0.000000 ---
121 2000.00 1145.80 0.000000 ---
121 3500.00 1156.33 6.243188 47.4349 2.38236 6.80398 2.59011 0 5.79734 0 14.1252 0 0 20.5224 0.343713 0 0 0 0
122 2000.00 1150.80 0.000000 ---
123 2000.00 1145.90 0.000000 ---
124 2000.00 1150.90 0.000000 ---
125 2000.00 1146.00 0.000000 ---
119 5000.00 1183.10 5.259810 48.052 1.95631 6.57482 2.56733 0 5.91981 0 14.5152 0 0 20.0363 0.378191 0 0 0 0
122 3500.00 1154.32 7.117931 47.2672 2.47652 6.91174 2.61082 0 5.83968 0 14.0305 0 0 20.5158 0.347856 0 0 0 0
131 1000.00 1123.56 1.887807 47.1567 2.71158 6.68489 2.53817 0 5.2914 0 13.9725 0 0 21.3773 0.267461 0 0 0 0
127 2000.00 1146.10 0.000000 ---
128 2000.00 1151.10 0.000000 ---
129 2000.00 1146.20 0.000000 ---
132 1000.00 1121.57 2.841276 46.9139 2.85402 6.83654 2.56824 0 5.32514 0 13.851 0 0 21.38 0.271164 0 0 0 00 0
130 2000.00 1144.95 0.000000 ---
121 5000.00 1179.11 6.969100 47.7856 2.09441 6.75533 2.6039 0 6.00984 0 14.3445 0 0 20.0193 0.387184 0 0 0 0
124 3500.00 1150.32 8.852847 46.9167 2.67744 7.13372 2.65206 0 5.92399 0 13.8377 0 0 20.5023 0.356116 0 0 0 0
131 2000.00 1142.94 0.882170 47.8671 2.24264 6.34641 2.47845 0 5.37598 0 14.3572 0 0 21.0475 0.284703 0 0 0 0
122 5000.00 1177.12 7.813367 47.6483 2.16712 6.847 2.62199 0 6.05507 0 14.2585 0 0 20.0103 0.391682 0 0 0 0
125 3500.00 1148.31 9.713690 46.7339 2.78442 7.24799 2.67251 0 5.96595 0 13.7397 0 0 20.4954 0.360222 0 0 0 0
132 2000.00 1140.93 1.819329 47.686 2.34248 6.46406 2.50303 0 5.41527 0 14.2562 0 0 21.0445 0.288532 0 0 0 0
123 5000.00 1175.13 8.651161 47.5084 2.24237 6.93964 2.63992 0 6.10043 0 14.1722 0 0 20.0009 0.396177 0 0 0 0
135 1000.00 1115.58 5.704446 46.0866 3.354 7.34443 2.6628 0 5.41895 0 13.4558 0 0 21.3951 0.282277 0 0 0 0
126 3500.00 1146.31 10.570461 46.5458 2.89582 7.36443 2.69279 0 6.00779 0 13.6407 0 0 20.4884 0.364303 0 0 0 0
133 2000.00 1138.92 2.751388 47.4972 2.44813 6.58547 2.52788 0 5.45416 0 14.1529 0 0 21.0419 0.292377 0 0 0 0
124 5000.00 1173.13 9.482792 47.3656 2.32022 7.03326 2.6577 0 6.14593 0 14.0855 0 0 19.9911 0.400667 0 0 0 0
136 1000.00 1113.59 6.663229 45.7729 3.54873 7.5342 2.69559 0 5.44727 0 13.3128 0 0 21.4027 0.285932 0 0 0 0
127 3500.00 1144.31 11.423306 46.3527 3.01161 7.48296 2.71284 0 6.04953 0 13.5408 0 0 20.4811 0.368353 0 0 0 0
125 5000.00 1171.14 10.308543 47.2199 2.40073 7.12785 2.67531 0 6.19156 0 13.9984 0 0 19.9811 0.405147 0 0 0 0
135 2000.00 1134.90 4.603121 47.0945 2.67873 6.84079 2.57838 0 5.53052 0 13.9391 0 0 21.0379 0.300097 0 0 0 0
128 3500.00 1142.31 12.272260 46.1548 3.13169 7.60345 2.7326 0 6.09119 0 13.4402 0 0 20.4736 0.372364 0 0 0 09 0 0 0
129 3500.00 1140.30 13.117223 45.9525 3.25582 7.72569 2.75199 0 6.13283 0 13.3391 0 0 20.4658 0.376328 0 0 0 0
138 1000.00 1109.60 8.973185 45.6154 3.63218 9.35036 2.55259 0 5.16565 0 12.2647 0 0 20.9265 0.48951 0.00316981 0 0 0
128 5000.00 1165.17 12.752890 46.7658 2.65841 7.41731 2.72693 0 6.32932 0 13.7352 0 0 19.9485 0.418491 0 0 0 0
130 3500.00 1138.30 13.957942 45.7462 3.38365 7.84937 2.77092 0 6.17451 0 13.2377 0 0 20.4574 0.380237 0 0 0 0
137 2000.00 1130.88 6.443031 46.6544 2.93819 7.11476 2.62985 0 5.60458 0 13.7147 0 0 21.0357 0.307814 0 0 0 0
139 1000.00 1107.60 10.133237 45.5183 3.69741 10.04 2.50105 0 5.06799 0 11.8614 0 0 20.7405 0.568906 0.00441619 0 0 0
129 5000.00 1163.17 13.557295 46.6089 2.74966 7.51555 2.74366 0 6.37557 0 13.647 0 0 19.9367 0.422894 0 0 0 0
131 3500.00 1136.30 14.793991 45.5368 3.51467 7.97407 2.78927 0 6.21632 0 13.1363 0 0 20.4484 0.384083 0 0 0 0
140 1000.00 1105.61 11.271695 45.3889 3.78891 10.5786 2.46674 0 5.00279 0 11.5405 0 0 20.5978 0.63037 0.00538413 0 0 0
138 2000.00 1128.87 7.360123 46.419 3.07985 7.25941 2.65583 0 5.64061 0 13.5983 0 0 21.0353 0.31165 0 0 0 0
130 5000.00 1161.18 14.356687 46.4494 2.84349 7.61454 2.76011 0 6.42202 0 13.5587 0 0 19.9245 0.427266 0 0 0 0
132 3500.00 1134.29 15.624764 45.3253 3.64821 8.09929 2.80696 0 6.25839 0 13.0354 0 0 20.4387 0.38786 0 0 0 0
139 2000.00 1126.86 8.275935 46.1729 3.2299 7.40941 2.68188 0 5.67593 0 13.4791 0 0 21.0354 0.315456 0 0 0 0
131 5000.00 1159.19 15.151083 46.2874 2.93978 7.71417 2.77623 0 6.46871 0 13.4704 0 0 19.9116 0.431603 0 0 0 0
133 3500.00 1132.29 16.449485 45.1127 3.78345 8.2244 2.82386 0 6.30084 0 12.9353 0 0 20.4279 0.391562 0 0 0 0
140 2000.00 1124.85 9.190706 45.916 3.38846 7.56476 2.70786 0 5.71054 0 13.3573 0 0 21.0359 0.319217 0 0 0 0
132 5000.00 1157.20 15.940432 46.1233 3.03837 7.81429 2.792 0 6.51567 0 13.3822 0 0 19.8982 0.435902 0 0 0 0
134 3500.00 1130.29 17.267223 44.9005 3.91942 8.3487 2.83987 0 6.34384 0 12.8366 0 0 20.416 0.395184 0 0 0 0
141 2000.00 1122.84 10.104386 45.6488 3.55537 7.72525 2.73359 0 5.74448 0 13.233 0 0 21.0366 0.322919 0 0 0 0
141 1000.00 1103.61 12.787512 44.7176 4.08985 11.0274 2.68989 0 5.4657 0 11.2211 0 0 20.0919 0.690159 0.00643412 0 0 0
135 3500.00 1128.28 18.076941 44.6901 4.05504 8.4714 2.8549 0 6.38755 0 12.7397 0 0 20.4026 0.398727 0 0 0 0
133 5000.00 1155.20 16.724611 45.9574 3.13903 7.91474 2.80738 0 6.56294 0 13.2942 0 0 19.8841 0.440157 0 0 0 0
142 2000.00 1120.83 11.016542 45.3721 3.73008 7.89037 2.75887 0 5.77783 0 13.1069 0 0 21.0373 0.326544 0 0 0 0
134 5000.00 1153.21 17.503419 45.7901 3.24148 8.01529 2.82232 0 6.61059 0 13.2067 0 0 19.8692 0.444365 0 0 0 0
143 2000.00 1118.82 11.926268 45.0876 3.91152 8.05923 2.78341 0 5.81076 0 12.9796 0 0 21.0378 0.330074 0 0 0 0
142 1000.00 1101.62 15.212843 43.4373 4.54851 11.3718 3.29193 0 6.81003 0 10.8605 0 0 18.8953 0.776542 0.00807625 0 0 0
136 3500.00 1126.28 18.914990 44.4236 4.23202 8.63068 2.8629 0 6.43808 0 12.6342 0 0 20.3777 0.400855 0 0 0 0
135 5000.00 1151.22 18.276576 45.6218 3.34538 8.1157 2.83678 0 6.65868 0 13.1197 0 0 19.8534 0.448522 0 0 0 0
144 2000.00 1116.81 12.832121 44.7978 4.09802 8.23045 2.80689 0 5.84354 0 12.852 0 0 21.0377 0.333494 0 0 0 0
143 1000.00 1099.62 17.504455 42.672 4.8829 11.6639 3.5979 0 7.65456 0.00160026 10.5803 0 0 18.0917 0.84577 0.00939665 0 0 0
137 3500.00 1124.28 19.791679 44.1024 4.4492 8.8273 2.86119 0 6.50155 0 12.5236 0 0 20.3337 0.401138 0 0 0 0
136 5000.00 1149.23 19.043732 45.453 3.45033 8.2157 2.85072 0 6.70728 0 13.0336 0 0 19.8367 0.452626 0 0 0 0
145 2000.00 1114.80 13.732135 44.506 4.28731 8.40224 2.82897 0 5.87651 0 12.7256 0 0 21.0366 0.336788 0 0 0 0
137 5000.00 1147.24 19.804466 45.2845 3.55587 8.31496 2.86409 0 6.75647 0 12.9484 0 0 19.819 0.456674 0 0 0 0
144 1000.00 1097.63 19.747482 42.3001 5.17765 11.9397 3.69088 0 8.13627 0.00791634 10.333 0 0 17.4919 0.911866 0.0106873 0 0 0
138 3500.00 1122.27 20.800184 43.7623 4.73178 8.88597 2.89854 0 6.70724 0.00442731 12.444 0 0 20.1658 0.399876 0 0 0 0
138 5000.00 1145.24 20.558305 45.1169 3.66151 8.41318 2.87687 0 6.80633 0 12.8645 0 0 19.8 0.460667 0 0 0 0
145 1000.00 1095.63 21.857705 42.0601 5.37892 12.1591 3.74147 0 8.49608 0.0126472 10.1351 0 0 17.0384 0.966339 0.0117757 0 0 0
146 2000.00 1112.79 14.696990 44.052 4.59379 8.68241 2.83485 0 5.91574 0 12.5653 0 0 21.0187 0.337226 0 0 0 0
139 3500.00 1120.27 21.850702 43.4444 5.01431 8.8812 2.95002 0 6.96494 0.0104332 12.3805 0 0 19.9559 0.39823 0 0 0 0
139 5000.00 1143.25 21.304735 44.9508 3.76673 8.50999 2.88902 0 6.85695 0 12.782 0 0 19.7799 0.464605 0 0 0 0
140 5000.00 1141.26 22.043227 44.787 3.87097 8.60508 2.90052 0 6.90842 0 12.7012 0 0 19.7584 0.468488 0 0 0 0
140 3500.00 1118.27 22.859563 43.1731 5.25093 8.88081 2.99364 0 7.19814 0.0155727 12.3207 0 0 19.7699 0.397102 0 0 0 0
146 1000.00 1093.64 23.851326 41.908 5.51831 12.3401 3.7651 0 8.77543 0.0163612 9.97072 0 0 16.6798 1.01332 0.0127356 0 0 0
147 2000.00 1110.78 15.648601 43.6467 4.86762 8.93396 2.83583 0 5.96297 0 12.4242 0 0 20.9912 0.337472 0 0 0 0
141 3500.00 1116.26 23.829869 42.9395 5.45036 8.88419 3.03082 0 7.41118 0.0200045 12.2641 0 0 19.6034 0.396406 0 0 0 0
147 1000.00 1091.64 25.764400 41.8051 5.60706 12.5121 3.76348 0 9.00797 0.0206308 9.8508 0 0 16.3615 1.05766 0.0136575 0 0 0
141 5000.00 1139.27 22.784045 44.6129 3.98325 8.70649 2.91 0 6.96309 0 12.6202 0 0 19.7322 0.471941 0 0 0 0
148 1000.00 1089.65 27.609360 41.7319 5.65803 12.6813 3.74343 0 9.20955 0.0258371 9.76775 0 0 16.067 1.10072 0.014567 0 0 0
142 5000.00 1137.27 23.699539 44.3057 4.21861 8.80514 2.93386 0 7.11943 0.00285618 12.5329 0 0 19.6102 0.471313 0 0 0 0
142 3500.00 1114.26 24.764413 42.7368 5.61929 8.89084 3.06263 0 7.60746 0.0238507 12.21 0 0 19.453 0.396074 0 0 0 0
148 2000.00 1108.77 17.088737 43.1957 5.0426 9.38594 2.99488 0 6.35998 0 12.1132 0 0 20.5023 0.404229 0.00120252 0 0 0
149 1000.00 1087.65 29.361989 41.6915 5.6901 12.8279 3.71881 0 9.37815 0.0304786 9.69033 0 0 15.8173 1.14005 0.0154154 0 0 0
150 1000.00 1085.66 31.029576 41.6753 5.7083 12.9566 3.69135 0 9.52133 0.0346868 9.61759 0 0 15.6021 1.17648 0.016217 0 0 0
149 2000.00 1106.76 19.686563 43.003 5.20382 10.023 3.22007 0 7.17877 0.0125411 11.5547 0 0 19.2083 0.591198 0.00461464 0 0 0
143 3500.00 1112.26 26.527457 42.7391 5.66216 9.26137 3.13084 0 7.93187 0.0309282 11.886 0 0 18.8537 0.502049 0.00206071 0 0 0
144 5000.00 1133.29 25.644458 43.7243 4.69988 8.86141 3.02091 0 7.56136 0.0128573 12.3877 0 0 19.2625 0.469096 0 0 0 0
151 1000.00 1083.66 32.618643 41.6773 5.71616 13.0709 3.66219 0 9.64449 0.0385551 9.54882 0 0 15.414 1.21059 0.0169824 0 0 0
144 3500.00 1110.25 28.571892 42.866 5.64992 9.71824 3.17526 0 8.22653 0.0390249 11.5023 0 0 18.1823 0.635701 0.00470885 0 0 0
150 2000.00 1104.75 22.059112 42.8835 5.34635 10.5126 3.3254 0 7.70694 0.0220992 11.1438 0 0 18.3287 0.723462 0.00710874 0 0 0
145 5000.00 1131.30 26.627349 43.4443 4.87996 9.01427 3.0318 0 7.74934 0.0131863 12.3403 0 0 19.0619 0.464831 0 0 0 0
152 1000.00 1081.67 34.135048 41.6932 5.71621 13.1734 3.63212 0 9.75157 0.0421518 9.48346 0 0 15.2474 1.24281 0.0177191 0 0 0
151 2000.00 1102.74 24.080105 42.6931 5.46795 10.8826 3.39989 0 8.07851 0.0262978 10.8577 0 0 17.7799 0.805282 0.0087191 0 0 0
146 5000.00 1129.30 27.575200 43.1955 5.03499 9.15583 3.04055 0 7.92538 0.0132803 12.2928 0 0 18.8805 0.461144 0 0 0 0
153 1000.00 1079.67 35.584068 41.7196 5.71031 13.266 3.60168 0 9.84551 0.0455278 9.4211 0 0 15.0983 1.27347 0.0184327 0 0 0
145 3500.00 1108.25 30.406654 42.928 5.64469 10.0922 3.20621 0 8.46215 0.0442927 11.201 0 0 17.6779 0.736751 0.00677853 0 0 0
152 2000.00 1100.73 25.987594 42.5647 5.55289 11.1869 3.44705 0 8.37426 0.0296122 10.6206 0 0 17.3397 0.874232 0.0101074 0 0 0
147 5000.00 1127.31 28.490090 42.973 5.16897 9.28767 3.0475 0 8.09116 0.0131731 12.2452 0 0 18.7153 0.457956 0 0 0 0
154 1000.00 1077.68 36.970469 41.7543 5.69984 13.3502 3.57123 0 9.92857 0.0487219 9.36141 0 0 14.9638 1.30282 0.0191275 0 0 0
153 2000.00 1098.72 27.795866 42.4821 5.61132 11.4432 3.47512 0 8.61575 0.032327 10.4191 0 0 16.9756 0.934152 0.0113417 0 0 0
146 3500.00 1106.25 32.016584 42.9184 5.64925 10.4052 3.22952 0 8.65341 0.0467951 10.9682 0 0 17.3109 0.810098 0.00833852 0 0 0
148 5000.00 1125.32 29.373924 42.773 5.28511 9.41105 3.05291 0 8.24803 0.0128921 12.1975 0 0 18.5642 0.4552 0 0 0 0
154 2000.00 1096.71 29.515478 42.4338 5.65014 11.6631 3.48959 0 8.81691 0.0346148 10.2445 0 0 16.6674 0.987425 0.0124645 0 0 0
155 1000.00 1075.68 38.298566 41.7954 5.68585 13.4273 3.54104 0 10.0025 0.0517639 9.30411 0 0 14.8412 1.33104 0.0198069 0 0 0
155 2000.00 1094.71 31.154797 42.4117 5.67421 11.8546 3.4942 0 8.98717 0.0365875 10.0909 0 0 16.4016 1.03563 0.0135037 0 0 0
149 5000.00 1123.33 30.228445 42.5923 5.38603 9.52701 3.05701 0 8.3971 0.0124591 12.1499 0 0 18.4253 0.452821 0 0 0 0
156 1000.00 1073.69 39.572276 41.8415 5.66916 13.4981 3.51129 0 10.0687 0.0546773 9.24898 0 0 14.7288 1.3583 0.0204735 0 0 0
147 3500.00 1104.24 33.578052 42.9264 5.64354 10.6902 3.24115 0 8.82097 0.0487605 10.7668 0 0 16.9766 0.875806 0.00977777 0 0 0
156 2000.00 1092.70 32.720743 42.4096 5.68704 12.0234 3.49158 0 9.13318 0.0383214 9.95396 0 0 16.1687 1.07985 0.0144787 0 0 0
150 5000.00 1121.34 31.055254 42.4284 5.47391 9.63642 3.05997 0 8.53928 0.011892 12.1024 0 0 18.297 0.450776 0 0 0 0
148 3500.00 1102.24 35.104618 42.9508 5.62842 10.9556 3.24282 0 8.97031 0.050274 10.5917 0 0 16.6636 0.935347 0.011126 0 0 0
157 1000.00 1071.69 40.795160 41.8915 5.65039 13.5635 3.48211 0 10.1283 0.0574806 9.19582 0 0 14.6252 1.3847 0.0211295 0 0 0
151 5000.00 1119.34 31.855820 42.279 5.55052 9.73999 3.06195 0 8.67533 0.0112056 12.055 0 0 18.178 0.449026 0 0 0 0
157 2000.00 1090.69 34.219197 42.4231 5.6912 12.1737 3.48364 0 9.25978 0.0398704 9.83058 0 0 15.9619 1.12087 0.0154033 0 0 0
149 3500.00 1100.24 36.566082 42.9835 5.61052 11.1906 3.24021 0 9.10159 0.0516748 10.4331 0 0 16.3865 0.989803 0.0123883 0 0 0
158 1000.00 1069.70 41.970465 41.9445 5.63003 13.6241 3.45356 0 10.1821 0.0601885 9.14448 0 0 14.5289 1.41035 0.0217764 0 0 0
152 5000.00 1117.35 32.631496 42.1424 5.61737 9.83832 3.06308 0 8.80588 0.0104121 12.0078 0 0 18.0672 0.447541 0 0 0 0
158 2000.00 1088.68 35.655251 42.4488 5.68864 12.3086 3.47176 0 9.37059 0.0412739 9.71841 0 0 15.7763 1.15926 0.0162877 0 0 0
159 2000.00 1086.67 37.033378 42.4842 5.68082 12.4307 3.45697 0 9.46835 0.0425612 9.61562 0 0 15.6082 1.19545 0.0171396 0 0 0
159 1000.00 1067.70 43.101158 42 5.60846 13.6804 3.42571 0 10.2309 0.062813 9.09482 0 0 14.4392 1.43533 0.0224157 0 0 0 0 0
153 5000.00 1115.36 33.383531 42.0171 5.67572 9.93195 3.06346 0 8.93146 0.00952168 11.9608 0 0 17.9638 0.446292 0 0 0 0
160 2000.00 1084.66 38.357540 42.5272 5.66889 12.5419 3.44005 0 9.55519 0.0437549 9.52079 0 0 15.4546 1.22979 0.0179648 0 0 0
151 3500.00 1096.23 39.310678 43.067 5.56898 11.5886 3.226 0 9.32147 0.0542159 10.1555 0 0 15.9168 1.08667 0.0147127 0 0 0
160 1000.00 1065.71 44.189951 42.0573 5.58599 13.7329 3.39859 0 10.2754 0.0653637 9.04672 0 0 14.3551 1.45971 0.0230484 0 0 0
161 2000.00 1082.65 39.631276 42.5762 5.65372 12.6436 3.42158 0 9.63278 0.0448722 9.4328 0 0 15.3132 1.26253 0.0187679 0 0 0
154 5000.00 1113.37 34.113076 41.9017 5.72664 10.0213 3.06319 0 9.05251 0.00854285 11.914 0 0 17.8669 0.445259 0 0 0 0
161 1000.00 1063.71 45.239333 42.116 5.56286 13.7819 3.3722 0 10.3159 0.0678485 9.00007 0 0 14.276 1.48354 0.0236755 0 0 0
152 3500.00 1094.23 40.601354 43.1153 5.54631 11.7587 3.21576 0 9.41434 0.0553845 10.0327 0 0 15.7155 1.13028 0.0157961 0 0 0
153 3500.00 1092.23 41.842102 43.1666 5.52283 11.9132 3.20407 0 9.49799 0.0564991 9.91865 0 0 15.532 1.17126 0.0168375 0 0 0
162 1000.00 1061.72 46.251590 42.1758 5.53928 13.8278 3.34656 0 10.3531 0.0702739 8.95479 0 0 14.2013 1.50686 0.0242978 0 0 0
162 2000.00 1080.64 40.899911 42.64 5.63087 12.7473 3.39821 0 9.70488 0.0459114 9.35583 0 0 15.1637 1.29379 0.0195668 0 0 0
155 5000.00 1111.37 35.059935 41.9023 5.7478 10.1646 3.05708 0 9.15722 0.0105187 11.7946 0 0 17.688 0.477262 0.000670602 0 0 0
154 3500.00 1090.22 43.035934 43.2204 5.49879 12.0541 3.19129 0 9.57366 0.0575674 9.81229 0 0 15.3641 1.20996 0.0178431 0 0 0
163 1000.00 1059.72 47.228825 42.2363 5.5154 13.8709 3.32165 0 10.3871 0.0726452 8.91079 0 0 14.1305 1.52972 0.0249158 0 0 0
156 5000.00 1109.38 36.568493 42.116 5.7066 10.4334 3.05731 0 9.25517 0.0182233 11.514 0 0 17.3145 0.581904 0.00287022 0 0 0
155 3500.00 1088.22 44.185616 43.2761 5.47439 12.1831 3.17771 0 9.64237 0.0585959 9.71268 0 0 15.2095 1.24667 0.0188178 0 0 0
163 2000.00 1078.63 42.145045 42.7119 5.60386 12.8483 3.3725 0 9.77115 0.0469038 9.28619 0 0 15.0152 1.32361 0.0203551 0 0 0
164 1000.00 1057.73 48.172977 42.2974 5.49135 13.9114 3.29748 0 10.4184 0.0749667 8.868 0 0 14.0633 1.55215 0.0255301 0 0 0
157 5000.00 1107.39 38.018872 42.2889 5.66555 10.6746 3.06465 0 9.35829 0.0244195 11.2638 0 0 16.9802 0.674716 0.00487748 0 0 0
157 3500.00 1084.21 46.362511 43.3915 5.42509 12.4111 3.14896 0 9.76217 0.0605531 9.53084 0 0 14.9341 1.315 0.0206904 0 0 0 0
164 2000.00 1076.62 43.341397 42.7844 5.57655 12.9409 3.34723 0 9.83092 0.0478679 9.21991 0 0 14.8789 1.35217 0.0211255 0 0 0
158 5000.00 1105.40 39.407450 42.4481 5.62624 10.8908 3.06787 0 9.45021 0.0299048 11.0394 0 0 16.6823 0.758373 0.00673275 0 0 0
166 1000.00 1053.74 49.969056 42.4204 5.44315 13.9855 3.25125 0 10.4737 0.0794746 8.7858 0 0 13.9382 1.59584 0.0267491 0 0 0
158 3500.00 1082.21 47.394235 43.4505 5.40042 12.5124 3.1341 0 9.81458 0.0614897 9.44741 0 0 14.8106 1.34699 0.0215945 0 0 0
159 5000.00 1103.41 40.738124 42.5957 5.58851 11.086 3.06785 0 9.53264 0.0347918 10.8367 0 0 16.4151 0.83432 0.00846009 0 0 0
165 2000.00 1074.61 44.491979 42.8572 5.5491 13.026 3.32247 0 9.88502 0.0488076 9.15666 0 0 14.7532 1.37962 0.0218808 0 0 0
167 1000.00 1051.74 50.824174 42.4821 5.41914 14.0195 3.22916 0 10.4981 0.0816663 8.74627 0 0 13.8797 1.61714 0.0273546 0 0 0
159 3500.00 1080.21 48.390871 43.5101 5.37584 12.6063 3.11908 0 9.8627 0.0624023 9.36832 0 0 14.6951 1.37771 0.0224806 0 0 0
160 5000.00 1101.41 42.014473 42.7331 5.55223 11.2631 3.06528 0 9.60696 0.0391702 10.6526 0 0 16.1738 0.90371 0.0100787 0 0 0
168 1000.00 1049.75 51.652610 42.5437 5.39528 14.0516 3.20772 0 10.5206 0.0838195 8.70772 0 0 13.8235 1.6381 0.0279577 0 0 0
160 3500.00 1078.20 49.354275 43.57 5.35142 12.6936 3.10399 0 9.90698 0.0632936 9.29318 0 0 14.5869 1.4073 0.0233507 0 0 0
166 2000.00 1072.60 45.599558 42.9301 5.52164 13.1045 3.29825 0 9.93414 0.0497259 9.09616 0 0 14.6367 1.40608 0.022623 0 0 0
169 1000.00 1047.75 52.455687 42.6051 5.3716 14.0819 3.18692 0 10.5415 0.0859358 8.67012 0 0 13.7696 1.65874 0.0285587 0 0 0
161 5000.00 1099.42 43.239782 42.8616 5.51731 11.4248 3.06067 0 9.67428 0.0431125 10.4844 0 0 15.9548 0.967476 0.0116042 0 0 0
161 3500.00 1076.20 50.367812 43.6031 5.32322 12.7674 3.08631 0 9.94356 0.0643039 9.21528 0 0 14.5066 1.43551 0.0242376 0.0292463 0.00123729 0
167 2000.00 1070.59 46.666675 43.0029 5.49429 13.1772 3.2746 0 9.97887 0.0506252 9.03816 0 0 14.5283 1.43167 0.0233538 0 0 0
170 1000.00 1045.76 53.234636 42.6663 5.34815 14.1107 3.16674 0 10.5607 0.0880167 8.63341 0 0 13.7178 1.67907 0.0291576 0 0 0
162 3500.00 1074.20 51.354200 43.6354 5.29514 12.8353 3.06861 0 9.97654 0.0653085 9.14069 0 0 14.4333 1.4627 0.0251146 0.0593397 0.00251041 0
162 5000.00 1097.43 44.417079 42.9822 5.48363 11.5729 3.05445 0 9.73554 0.0466781 10.3301 0 0 15.755 1.02638 0.0130491 0 0 0
171 1000.00 1043.76 53.990602 42.7273 5.32496 14.1379 3.14714 0 10.5785 0.0900632 8.59756 0 0 13.6678 1.69911 0.0297548 0 0 0
163 3500.00 1072.19 52.304701 43.6703 5.26772 12.8987 3.05127 0 10.0068 0.0662911 9.06987 0 0 14.3637 1.48898 0.0259794 0.0866903 0.0036675 0
168 2000.00 1068.58 47.695669 43.0753 5.46712 13.2447 3.25155 0 10.0197 0.0515079 8.98246 0 0 14.4271 1.45646 0.0240749 0 0 0
172 1000.00 1041.77 54.724656 42.7878 5.30204 14.1637 3.12812 0 10.5949 0.0920764 8.56253 0 0 13.6195 1.71887 0.0303502 0 0 0
163 5000.00 1095.44 45.592575 43.087 5.44876 11.7064 3.04592 0 9.78947 0.0501352 10.1821 0 0 15.5791 1.08211 0.0144598 0.0139362 0.00058958 0
164 3500.00 1070.19 53.221420 43.7073 5.24093 12.9581 3.03429 0 10.0346 0.0672536 9.00249 0 0 14.2974 1.51443 0.026833 0.111619 0.00472213 0
169 2000.00 1066.57 48.688697 43.1474 5.44019 13.3075 3.22909 0 10.0571 0.0523756 8.92888 0 0 14.3321 1.48054 0.0247874 0 0 0
165 3500.00 1068.19 54.106289 43.746 5.21477 13.0139 3.01769 0 10.0601 0.0681975 8.93826 0 0 14.2341 1.53912 0.0276766 0.134401 0.00568592 0
164 5000.00 1093.44 46.800597 43.1701 5.411 11.8239 3.03452 0 9.83491 0.0536717 10.0353 0 0 15.4313 1.13564 0.015869 0.0516378 0.00218458 0
170 2000.00 1064.56 49.647751 43.219 5.41357 13.3662 3.20722 0 10.0913 0.0532299 8.87727 0 0 14.2428 1.50395 0.0254923 0 0 0
166 3500.00 1066.18 54.961086 43.7862 5.18922 13.0663 3.00147 0 10.0837 0.069124 8.8769 0 0 14.1736 1.56311 0.0285112 0.155271 0.00656885 0
165 5000.00 1091.45 47.956715 43.2497 5.37502 11.9324 3.02254 0 9.87628 0.0568827 9.90045 0 0 15.2954 1.18528 0.0172131 0.0852452 0.00360636 0
174 1000.00 1037.78 56.191803 42.886 5.25399 14.2021 3.08955 0 10.619 0.0961754 8.49158 0 0 13.5487 1.75676 0.0315544 0.0236212 0.000999314 0
167 3500.00 1064.18 55.787447 43.8275 5.16426 13.1157 2.98562 0 10.1054 0.0700343 8.8182 0 0 14.1157 1.58645 0.0293375 0.174434 0.00737954 0
171 2000.00 1062.55 50.574675 43.29 5.38727 13.421 3.18595 0 10.1227 0.0540721 8.82747 0 0 14.1586 1.52677 0.0261906 0 0 0
166 5000.00 1089.46 49.064363 43.3261 5.34068 12.033 3.01017 0 9.91411 0.0598091 9.77602 0 0 15.1698 1.23154 0.0185005 0.115332 0.0048792 0
168 3500.00 1062.18 56.586884 43.8699 5.13988 13.1622 2.97016 0 10.1254 0.0709294 8.76195 0 0 14.06 1.60917 0.0301563 0.192065 0.00812547 00
172 2000.00 1060.54 51.471176 43.3604 5.36134 13.4723 3.16526 0 10.1516 0.0549031 8.77937 0 0 14.0789 1.54903 0.026883 0 0 0
176 1000.00 1033.79 57.631381 42.9647 5.20473 14.2281 3.05141 0 10.6344 0.10029 8.42095 0 0 13.5007 1.7929 0.0327725 0.0663815 0.00280832 0
169 3500.00 1060.17 57.360798 43.913 5.11606 13.2062 2.95506 0 10.1439 0.0718101 8.70797 0 0 14.0065 1.63133 0.0309682 0.208321 0.00881316 0
167 5000.00 1087.47 50.126669 43.3997 5.30782 12.1266 2.99753 0 9.9488 0.0624851 9.66074 0 0 15.0534 1.27481 0.019738 0.142373 0.00602318 0
177 1000.00 1031.79 58.318426 43.0053 5.18092 14.2404 3.03332 0 10.6409 0.102286 8.387 0 0 13.4767 1.81066 0.0333799 0.0855032 0.00361728 0
170 3500.00 1058.17 58.110483 43.9568 5.09278 13.2478 2.94033 0 10.161 0.0726772 8.6561 0 0 13.955 1.65296 0.0317737 0.223335 0.00944833 0
173 2000.00 1058.53 52.338838 43.4301 5.33579 13.5205 3.14513 0 10.1782 0.055724 8.73286 0 0 14.0034 1.57077 0.0275702 0 0 0
168 5000.00 1085.47 51.146487 43.4706 5.27631 12.214 2.98474 0 9.9807 0.0649393 9.55354 0 0 14.945 1.31546 0.0209315 0.166763 0.00705504 0
178 1000.00 1029.80 58.985062 43.0467 5.15763 14.2522 3.01584 0 10.6468 0.104242 8.35389 0 0 13.4528 1.82821 0.0339862 0.1033 0.0043702 0
171 3500.00 1056.17 58.837146 44.0011 5.07003 13.2871 2.92596 0 10.1768 0.0735313 8.6062 0 0 13.9054 1.67408 0.0325732 0.237225 0.010036 0
174 2000.00 1056.52 53.179133 43.4991 5.31064 13.5657 3.12557 0 10.2026 0.0565356 8.68783 0 0 13.9316 1.59204 0.0282527 0 0 0
169 5000.00 1083.48 52.126430 43.539 5.24606 12.2957 2.97189 0 10.0101 0.0671963 9.45355 0 0 14.8437 1.35378 0.0220859 0.188835 0.00798882 0
172 3500.00 1054.17 59.541904 44.0458 5.0478 13.3244 2.91194 0 10.1913 0.074373 8.55813 0 0 13.8574 1.69474 0.0333672 0.250098 0.0105806 0
179 1000.00 1027.80 59.632258 43.0886 5.13486 14.2636 2.99892 0 10.6521 0.106161 8.3216 0 0 13.4291 1.84555 0.0345912 0.11989 0.00507202 0
175 2000.00 1054.51 54.068380 43.5432 5.28209 13.5991 3.1039 0 10.2203 0.0574783 8.64016 0 0 13.8848 1.61203 0.0289536 0.0268267 0.00113492 0
170 5000.00 1081.49 53.068893 43.6051 5.21697 12.3725 2.95903 0 10.0373 0.0692766 9.35998 0 0 14.7489 1.39002 0.0232054 0.20887 0.00883641 0
173 3500.00 1052.16 60.225803 44.0907 5.02606 13.3598 2.89827 0 10.2048 0.0752029 8.51179 0 0 13.8111 1.71494 0.034156 0.262044 0.011086 0
171 5000.00 1079.50 53.976076 43.6691 5.18895 12.4447 2.94623 0 10.0625 0.0711983 9.27219 0 0 14.6597 1.42439 0.0242937 0.227107 0.00960792 0
176 2000.00 1052.50 54.931241 43.587 5.25406 13.6302 3.08287 0 10.2361 0.058417 8.59394 0 0 13.841 1.63159 0.0296524 0.053078 0.0022455 0
174 3500.00 1050.16 60.889814 44.1359 5.0048 13.3935 2.88492 0 10.2172 0.0760214 8.46705 0 0 13.7663 1.73472 0.0349399 0.273146 0.0115557 0
177 2000.00 1050.49 55.764362 43.6319 5.22677 13.6596 3.06261 0 10.2505 0.0593431 8.54931 0 0 13.7985 1.65079 0.0303481 0.0771631 0.00326444 0
181 1000.00 1023.81 60.871886 43.1736 5.09082 14.2851 2.96671 0 10.661 0.109885 8.25933 0 0 13.3819 1.87963 0.0357977 0.149848 0.00633944 0
173 5000.00 1075.51 55.692552 43.7911 5.13584 12.5772 2.92094 0 10.1076 0.0746254 9.11172 0 0 14.4964 1.48826 0.0263885 0.258973 0.010956 0
175 3500.00 1048.16 61.534849 44.1812 4.98402 13.4255 2.87191 0 10.2286 0.0768288 8.42384 0 0 13.7228 1.7541 0.0357192 0.283478 0.0119928 0
178 2000.00 1048.48 56.569427 43.6778 5.20021 13.6875 3.04307 0 10.2636 0.0602572 8.50619 0 0 13.7573 1.66964 0.0310408 0.0993118 0.00420146 0
182 1000.00 1021.82 61.465947 43.2166 5.06952 14.2952 2.95136 0 10.6646 0.111692 8.22929 0 0 13.3586 1.89638 0.0363989 0.163393 0.00691248 0
174 5000.00 1073.52 56.505441 43.8493 5.11063 12.6382 2.90852 0 10.1278 0.0761559 9.03812 0 0 14.4213 1.51805 0.0274 0.272929 0.0115465 0
176 3500.00 1046.15 62.161757 44.2265 4.96368 13.4559 2.8592 0 10.2392 0.0776256 8.38205 0 0 13.6807 1.77309 0.0364942 0.293105 0.0124 0
183 1000.00 1019.82 62.043840 43.2597 5.04868 14.305 2.93648 0 10.6678 0.113463 8.19995 0 0 13.3354 1.91294 0.0369989 0.176084 0.00744938 0
179 2000.00 1046.47 57.347983 43.7244 5.17433 13.714 3.02421 0 10.2756 0.06116 8.46447 0 0 13.7172 1.68816 0.0317309 0.119724 0.005065 0
175 5000.00 1071.53 57.290272 43.9059 5.08623 12.696 2.89626 0 10.1467 0.0775786 8.96842 0 0 14.3501 1.54659 0.0283905 0.285752 0.0120889 0
177 3500.00 1044.15 62.771336 44.2719 4.94378 13.4849 2.84681 0 10.2489 0.0784121 8.34162 0 0 13.6399 1.79172 0.0372651 0.302084 0.0127799 0
184 1000.00 1017.83 62.606267 43.303 5.0283 14.3143 2.92205 0 10.6705 0.115199 8.17126 0 0 13.3125 1.9293 0.0375975 0.187988 0.00795298 0
180 2000.00 1044.46 58.101458 43.7715 5.1491 13.7392 3.006 0 10.2865 0.0620519 8.42408 0 0 13.6783 1.70638 0.0324185 0.138573 0.00586241 0
176 5000.00 1069.54 58.048527 43.9609 5.06261 12.751 2.8842 0 10.1642 0.0789026 8.90229 0 0 14.2824 1.57399 0.0293618 0.297554 0.0125882 0
178 3500.00 1042.15 63.364335 44.3171 4.92432 13.5125 2.83471 0 10.2578 0.0791885 8.30245 0 0 13.6002 1.80999 0.0380319 0.310469 0.0131346 0
185 1000.00 1015.83 63.153884 43.3464 5.00835 14.3233 2.90805 0 10.6728 0.116901 8.14322 0 0 13.2897 1.94548 0.0381947 0.199165 0.00842584 0
177 5000.00 1067.54 58.781582 44.0145 5.03971 12.8033 2.87233 0 10.1807 0.0801358 8.83943 0 0 14.2179 1.60033 0.0303155 0.308436 0.0130486 0
181 2000.00 1042.45 58.831172 43.8192 5.12452 13.7631 2.9884 0 10.2964 0.0629336 8.38492 0 0 13.6405 1.72429 0.0331038 0.156011 0.00660015 0
179 3500.00 1040.14 63.941457 44.3623 4.90526 13.5389 2.8229 0 10.2659 0.0799551 8.2645 0 0 13.5617 1.82794 0.038795 0.318306 0.0134662 0
186 1000.00 1013.84 63.713678 43.406 4.98759 14.3304 2.89386 0 10.6689 0.117611 8.11408 0 0 13.2638 1.95966 0.0387841 0.210311 0.00889736 0
178 5000.00 1065.55 59.490717 44.0666 5.0175 12.8531 2.86068 0 10.196 0.0812854 8.77959 0 0 14.1563 1.6257 0.031253 0.318488 0.0134739 0
182 2000.00 1040.44 59.538344 43.8671 5.10054 13.786 2.97139 0 10.3055 0.0638053 8.34694 0 0 13.6036 1.74192 0.0337869 0.172172 0.00728385 0
187 1000.00 1011.84 64.271451 43.4725 4.96672 14.3366 2.8798 0 10.6623 0.117861 8.08484 0 0 13.2367 1.97281 0.0393698 0.221073 0.00935263 0
180 3500.00 1038.14 64.503361 44.4074 4.88661 13.5641 2.81138 0 10.2734 0.0807121 8.22769 0 0 13.5242 1.84556 0.0395545 0.325639 0.0137764 0
179 5000.00 1063.56 60.174480 44.116 4.9961 12.9011 2.84926 0 10.2105 0.0822964 8.72292 0 0 14.098 1.64997 0.0321702 0.327762 0.0138662 0
188 1000.00 1009.85 64.814479 43.5378 4.94635 14.3425 2.86615 0 10.6558 0.118136 8.05633 0 0 13.2101 1.98586 0.0399553 0.23117 0.00977983 0
183 2000.00 1038.43 60.224108 43.9153 5.07715 13.8077 2.95492 0 10.3137 0.0646676 8.31007 0 0 13.5677 1.75928 0.0344681 0.187174 0.00791852 0
181 3500.00 1036.14 65.050672 44.4523 4.86834 13.5881 2.80012 0 10.2802 0.0814598 8.19197 0 0 13.4877 1.86287 0.0403104 0.332506 0.0140669 0
180 5000.00 1061.57 60.832864 44.1623 4.97551 12.9476 2.8381 0 10.2245 0.0831474 8.66937 0 0 14.0427 1.67313 0.0330659 0.336323 0.0142284 0
189 1000.00 1007.85 65.343398 43.6019 4.92645 14.3482 2.8529 0 10.6494 0.118432 8.02851 0 0 13.184 1.9988 0.0405405 0.240654 0.0101811 0
184 2000.00 1036.42 60.889514 43.9636 5.05432 13.8284 2.93898 0 10.3211 0.0655205 8.27425 0 0 13.5327 1.77637 0.0351473 0.201121 0.00850857 0
181 5000.00 1059.58 61.472825 44.2085 4.95539 12.9918 2.82714 0 10.2374 0.0839811 8.61786 0 0 13.9894 1.6957 0.0339535 0.344283 0.0145651 0
182 3500.00 1034.13 65.583975 44.497 4.85046 13.6111 2.78913 0 10.2865 0.0821982 8.15728 0 0 13.4521 1.87989 0.041063 0.338941 0.0143391 0
190 1000.00 1005.86 65.858804 43.665 4.90702 14.3537 2.84003 0 10.643 0.118747 8.00137 0 0 13.1583 2.01163 0.0411252 0.24957 0.0105583 0
182 5000.00 1057.58 62.095150 44.2545 4.93571 13.0339 2.81637 0 10.2493 0.0847983 8.56825 0 0 13.938 1.71773 0.0348333 0.351692 0.0148786 00
183 3500.00 1032.13 66.103824 44.5415 4.83294 13.6331 2.77839 0 10.2921 0.0829277 8.12358 0 0 13.4175 1.89662 0.0418122 0.344976 0.0145945 0
191 1000.00 1003.86 66.361255 43.7269 4.88803 14.3591 2.82751 0 10.6367 0.11908 7.97486 0 0 13.133 2.02435 0.0417095 0.257959 0.0109132 0
183 5000.00 1055.59 62.700579 44.3004 4.91646 13.0739 2.80581 0 10.2603 0.0855998 8.52042 0 0 13.8883 1.73923 0.0357058 0.358597 0.0151707 0
186 2000.00 1032.40 62.163101 44.0605 5.01027 13.867 2.90856 0 10.3338 0.0671999 8.20556 0 0 13.465 1.80979 0.0365004 0.226212 0.00957006 0
192 1000.00 1001.87 66.851281 43.7878 4.86947 14.3641 2.81534 0 10.6304 0.119429 7.94896 0 0 13.1081 2.03696 0.0422933 0.265859 0.0112474 0
184 3500.00 1030.13 66.610742 44.5857 4.81577 13.6542 2.7679 0 10.2972 0.0836482 8.09082 0 0 13.3837 1.91307 0.0425583 0.350641 0.0148341 0
184 5000.00 1053.60 63.289809 44.346 4.89763 13.1121 2.79544 0 10.2705 0.0863863 8.47429 0 0 13.8403 1.76024 0.0365713 0.365037 0.0154431 0
187 2000.00 1030.39 62.773045 44.1088 4.98901 13.885 2.89403 0 10.3392 0.0680267 8.17259 0 0 13.4324 1.82614 0.0371744 0.237512 0.0100481 0
193 1000.00 999.87 67.329377 43.8477 4.85132 14.369 2.8035 0 10.6242 0.119791 7.92364 0 0 13.0836 2.04946 0.0428766 0.273303 0.0115623 0
185 5000.00 1051.61 63.863498 44.3914 4.87921 13.1485 2.78527 0 10.2799 0.0871584 8.42974 0 0 13.7939 1.78078 0.0374301 0.371048 0.0156975 0
185 3500.00 1028.12 67.105229 44.6297 4.79895 13.6743 2.75765 0 10.3017 0.08436 8.05895 0 0 13.3507 1.92926 0.0433013 0.355961 0.0150592 0
188 2000.00 1028.38 63.322584 44.1502 4.97052 13.9087 2.88305 0 10.3287 0.0680434 8.14787 0 0 13.4019 1.84464 0.0379133 0.247893 0.0104873 0
194 1000.00 997.88 67.796012 43.9067 4.83356 14.3737 2.79197 0 10.6179 0.120166 7.89889 0 0 13.0595 2.06184 0.0434592 0.280322 0.0118592 0
186 5000.00 1049.61 64.422264 44.4365 4.86118 13.1832 2.77529 0 10.2886 0.0879166 8.38669 0 0 13.7488 1.80087 0.0382826 0.376665 0.0159351 0
195 1000.00 995.88 68.251630 43.9648 4.81619 14.3782 2.78075 0 10.6118 0.120551 7.87467 0 0 13.0358 2.07412 0.0440412 0.286946 0.0121394 0
187 5000.00 1047.62 64.966693 44.4814 4.84352 13.2164 2.7655 0 10.2965 0.0886615 8.34505 0 0 13.7052 1.82054 0.0391291 0.381916 0.0161572 0
186 3500.00 1026.12 67.587767 44.6734 4.78247 13.6936 2.74764 0 10.3058 0.0850631 8.02793 0 0 13.3185 1.9452 0.0440413 0.36096 0.0152707 0
189 2000.00 1026.37 63.848814 44.1902 4.95286 13.9328 2.87292 0 10.3155 0.0678825 8.12512 0 0 13.3722 1.86335 0.0386637 0.257595 0.0108978 0
196 1000.00 993.89 68.696648 44.022 4.79919 14.3825 2.76981 0 10.6056 0.120946 7.85097 0 0 13.0125 2.08628 0.0446225 0.293199 0.012404 0
187 3500.00 1024.12 68.058799 44.7169 4.76631 13.7122 2.73785 0 10.3094 0.0857577 7.99774 0 0 13.2871 1.96089 0.0447783 0.36566 0.0154695 0
190 2000.00 1024.36 64.361002 44.23 4.93558 13.956 2.86301 0 10.3025 0.0677003 8.10285 0 0 13.3432 1.8818 0.0394125 0.266705 0.0112832 02 0
197 1000.00 991.89 69.131463 44.0784 4.78254 14.3866 2.75915 0 10.5994 0.121348 7.82776 0 0 12.9895 2.09833 0.0452031 0.299107 0.0126539 0
188 3500.00 1022.11 68.518745 44.76 4.75047 13.7299 2.72827 0 10.3126 0.0864438 7.96832 0 0 13.2564 1.97634 0.0455126 0.370081 0.0156566 0
189 5000.00 1043.64 66.003623 44.5646 4.80989 13.2804 2.74663 0 10.3115 0.0898418 8.26723 0 0 13.6234 1.8579 0.0407833 0.391365 0.016557 0
198 1000.00 989.90 69.556450 44.1339 4.76624 14.3906 2.74877 0 10.5932 0.121757 7.80503 0 0 12.9669 2.11026 0.045783 0.30469 0.0128901 0
191 2000.00 1022.35 64.909630 44.2776 4.91599 13.972 2.84995 0 10.3055 0.0684125 8.07365 0 0 13.3123 1.89728 0.0400869 0.275515 0.0116559 0
189 3500.00 1020.11 68.968003 44.8028 4.73494 13.747 2.71891 0 10.3154 0.0871216 7.93965 0 0 13.2263 1.99156 0.046244 0.374242 0.0158326 0
190 5000.00 1041.64 66.499795 44.6042 4.79375 13.3109 2.73752 0 10.3183 0.09034 8.23052 0 0 13.5846 1.87582 0.041597 0.395629 0.0167374 0
192 2000.00 1020.34 65.445724 44.3252 4.89675 13.9872 2.83714 0 10.3087 0.0691476 8.04491 0 0 13.282 1.91245 0.0407573 0.283789 0.0120059 0
199 1000.00 987.90 69.971964 44.1887 4.75028 14.3943 2.73863 0 10.587 0.122172 7.78277 0 0 12.9446 2.12209 0.046362 0.30997 0.0131135 0
190 3500.00 1018.11 69.406953 44.8453 4.7197 13.7633 2.70975 0 10.3178 0.0877911 7.91171 0 0 13.1969 2.00656 0.0469728 0.378159 0.0159983 0
193 2000.00 1018.33 65.968339 44.3725 4.87792 14.0017 2.82467 0 10.3114 0.0698783 8.01683 0 0 13.2524 1.9274 0.041426 0.291559 0.0123346 0
200 1000.00 985.91 70.378343 44.2427 4.73463 14.3979 2.72875 0 10.5809 0.12259 7.76095 0 0 12.9226 2.1338 0.0469403 0.314964 0.0133248 0
191 5000.00 1039.65 66.982809 44.6431 4.77798 13.3404 2.72859 0 10.3247 0.0908025 8.19505 0 0 13.5471 1.89335 0.042404 0.399622 0.0169063 0
191 3500.00 1016.10 69.822192 44.8858 4.70545 13.7812 2.70172 0 10.3144 0.0881557 7.88678 0 0 13.1686 2.0222 0.0477325 0.381876 0.0161556 0
194 2000.00 1016.32 66.478011 44.4196 4.8595 14.0155 2.81253 0 10.3138 0.0706047 7.98938 0 0 13.2233 1.94215 0.0420931 0.298861 0.0126435 0
201 1000.00 983.91 70.775906 44.296 4.7193 14.4013 2.7191 0 10.5747 0.123012 7.73956 0 0 12.901 2.14541 0.0475177 0.31969 0.0135247 0
192 5000.00 1037.66 67.453191 44.6813 4.76257 13.3688 2.71985 0 10.3306 0.0912312 8.16075 0 0 13.5107 1.9105 0.0432048 0.403363 0.0170646 0
192 3500.00 1014.10 70.199347 44.9224 4.6929 13.8029 2.69576 0 10.2995 0.0878756 7.86732 0 0 13.1415 2.03943 0.0485613 0.385444 0.0163065 0
202 1000.00 981.92 71.164960 44.3486 4.70427 14.4045 2.70968 0 10.5684 0.123437 7.71858 0 0 12.8796 2.1569 0.0480942 0.324164 0.013714 0
195 2000.00 1014.31 66.975247 44.4665 4.84146 14.0288 2.80071 0 10.3158 0.0713269 7.96254 0 0 13.1948 1.9567 0.0427585 0.305729 0.0129341 0
193 5000.00 1035.67 67.911439 44.7188 4.74751 13.3963 2.7113 0 10.3361 0.0916277 8.12756 0 0 13.4754 1.92728 0.0439996 0.40687 0.0172129 0
203 1000.00 979.92 71.545792 44.4005 4.68953 14.4076 2.70048 0 10.5622 0.123862 7.69801 0 0 12.8586 2.16828 0.0486699 0.328401 0.0138932 0
193 3500.00 1012.10 70.568489 44.9587 4.68056 13.8239 2.68985 0 10.2851 0.0875818 7.84824 0 0 13.1151 2.0564 0.0493868 0.388819 0.0164493 0
196 2000.00 1012.30 67.460526 44.513 4.82379 14.0415 2.78919 0 10.3175 0.0720446 7.93628 0 0 13.1668 1.97105 0.0434222 0.312193 0.0132076 0
204 1000.00 977.93 71.918679 44.4517 4.67508 14.4105 2.6915 0 10.556 0.124288 7.67782 0 0 12.8379 2.17955 0.0492446 0.332413 0.014063 0
197 2000.00 1010.29 67.934300 44.5592 4.80649 14.0537 2.77796 0 10.3188 0.072758 7.91059 0 0 13.1394 1.98521 0.0440844 0.318281 0.0134651 00
194 3500.00 1010.10 70.929880 44.9946 4.66842 13.8442 2.68399 0 10.271 0.0872751 7.82953 0 0 13.0891 2.07311 0.0502089 0.39201 0.0165843 0
205 1000.00 975.93 72.283884 44.5023 4.66091 14.4132 2.68271 0 10.5497 0.124713 7.65801 0 0 12.8174 2.19071 0.0498184 0.336213 0.0142238 0
198 2000.00 1008.28 68.396997 44.6051 4.78954 14.0654 2.76701 0 10.3199 0.0734671 7.88545 0 0 13.1125 1.99919 0.044745 0.324017 0.0137078 0
195 5000.00 1031.68 68.793428 44.7916 4.71839 13.4486 2.69474 0 10.346 0.0923306 8.06427 0 0 13.4079 1.95985 0.045573 0.413244 0.0174826 0
206 1000.00 973.94 72.641656 44.5523 4.647 14.4158 2.67413 0 10.5434 0.125138 7.63857 0 0 12.7973 2.20176 0.0503913 0.339814 0.0143761 0
199 2000.00 1006.27 68.849023 44.6507 4.77293 14.0766 2.75633 0 10.3207 0.0741717 7.86083 0 0 13.086 2.01298 0.0454039 0.329425 0.0139365 0
195 3500.00 1008.09 71.317547 45.0344 4.65477 13.8596 2.67606 0 10.2692 0.087675 7.80619 0 0 13.0621 2.08741 0.0509482 0.395003 0.0167109 0
196 5000.00 1029.69 69.218051 44.8271 4.7043 13.4735 2.68671 0 10.3503 0.0926398 8.03406 0 0 13.3755 1.97567 0.0463521 0.41614 0.0176051 0
200 2000.00 1004.26 69.290762 44.6959 4.75665 14.0873 2.74591 0 10.3212 0.0748719 7.83673 0 0 13.0601 2.02659 0.0460614 0.334525 0.0141523 0
196 3500.00 1006.09 71.706410 45.075 4.64088 13.8732 2.6677 0 10.2706 0.0882716 7.78198 0 0 13.0352 2.1009 0.0516622 0.397818 0.01683 0 0
201 2000.00 1002.25 69.722579 44.7408 4.74069 14.0976 2.73574 0 10.3215 0.0755675 7.81311 0 0 13.0346 2.04003 0.0467172 0.339339 0.014356 0
197 3500.00 1004.09 72.087080 45.1152 4.62726 13.8864 2.65951 0 10.2717 0.0888629 7.75829 0 0 13.0088 2.11419 0.0523735 0.400471 0.0169422 0
197 5000.00 1027.70 69.632300 44.862 4.69051 13.4976 2.67886 0 10.3544 0.0929225 8.00475 0 0 13.344 1.99119 0.0471264 0.418858 0.0177201 0
208 1000.00 969.95 73.335850 44.6505 4.61995 14.4206 2.65753 0 10.5308 0.12598 7.60073 0 0 12.7578 2.22354 0.0515342 0.346459 0.0146572 0
202 2000.00 1000.24 70.144820 44.7854 4.72505 14.1074 2.7258 0 10.3215 0.0762586 7.78997 0 0 13.0096 2.05329 0.0473715 0.343882 0.0145482 0
198 3500.00 1002.08 72.459812 45.1551 4.61388 13.8991 2.65148 0 10.2725 0.0894487 7.73513 0 0 12.983 2.12731 0.0530821 0.402973 0.0170481 0
209 1000.00 967.95 73.672718 44.6987 4.6068 14.4228 2.6495 0 10.5244 0.126397 7.58231 0 0 12.7384 2.23428 0.0521042 0.349522 0.0147868 0
203 2000.00 998.24 70.557814 44.8296 4.7097 14.1168 2.7161 0 10.3213 0.076945 7.76729 0 0 12.9849 2.0664 0.0480243 0.348173 0.0147297 0
199 3500.00 1000.08 72.824853 45.1946 4.60074 13.9113 2.64362 0 10.2731 0.0900292 7.71246 0 0 12.9577 2.14024 0.053788 0.40533 0.0171478 0
198 5000.00 1025.71 70.036553 44.8963 4.67701 13.521 2.67116 0 10.358 0.0931797 7.97629 0 0 13.3134 2.00643 0.0478962 0.421411 0.0178281 0
204 2000.00 996.23 70.961874 44.8734 4.69465 14.1259 2.70663 0 10.3208 0.0776268 7.74506 0 0 12.9608 2.07933 0.0486755 0.352226 0.0149012 0
210 1000.00 965.96 74.003047 44.7464 4.59389 14.4248 2.64164 0 10.518 0.12681 7.56422 0 0 12.7193 2.2449 0.0526732 0.352424 0.0149095 0
200 3500.00 998.08 73.182435 45.2338 4.58784 13.923 2.63592 0 10.2734 0.0906041 7.69027 0 0 12.9328 2.153 0.0544913 0.407553 0.0172418 0
205 2000.00 994.22 71.357298 44.9169 4.67989 14.1346 2.69737 0 10.3202 0.0783038 7.72326 0 0 12.937 2.09212 0.0493253 0.356055 0.0150632 0
211 1000.00 963.96 74.327037 44.7935 4.5812 14.4268 2.63394 0 10.5116 0.127218 7.54644 0 0 12.7005 2.25542 0.0532412 0.355173 0.0150259 0
201 3500.00 996.07 73.532785 45.2726 4.57517 13.9344 2.62838 0 10.2735 0.0911735 7.66856 0 0 12.9084 2.16559 0.055192 0.409646 0.0173304 0
199 5000.00 1023.71 70.431170 44.9301 4.66379 13.5437 2.66363 0 10.3614 0.0934127 7.94865 0 0 13.2836 2.02141 0.0486618 0.423808 0.0179295 0
206 2000.00 992.21 71.744371 44.96 4.6654 14.1429 2.68832 0 10.3193 0.078976 7.70189 0 0 12.9136 2.10474 0.0499735 0.359674 0.0152163 0
202 3500.00 994.07 73.876117 45.3111 4.56272 13.9453 2.62098 0 10.2734 0.0917373 7.64729 0 0 12.8845 2.17801 0.0558901 0.411619 0.0174138 0
212 1000.00 961.97 74.644878 44.8401 4.56875 14.4285 2.62641 0 10.5051 0.127621 7.52896 0 0 12.6819 2.26584 0.0538082 0.357777 0.015136 0
200 5000.00 1021.72 70.816495 44.9632 4.65084 13.5656 2.65625 0 10.3645 0.0936223 7.92178 0 0 13.2545 2.03613 0.0494232 0.426059 0.0180247 0
207 2000.00 990.20 72.123362 45.0028 4.65118 14.1509 2.67947 0 10.3182 0.0796433 7.68092 0 0 12.8906 2.11721 0.0506202 0.363094 0.0153609 0
203 3500.00 992.07 74.212637 45.3492 4.55049 13.9558 2.61373 0 10.2731 0.0922954 7.62646 0 0 12.861 2.19027 0.0565857 0.413477 0.0174924 0
213 1000.00 959.97 74.956755 44.8863 4.55651 14.4302 2.61904 0 10.4987 0.12802 7.51179 0 0 12.6635 2.27616 0.0543742 0.360244 0.0152404 0
208 2000.00 988.19 72.494531 45.0452 4.63723 14.1586 2.67081 0 10.317 0.0803057 7.66034 0 0 12.8679 2.12954 0.0512654 0.366326 0.0154977 0
204 3500.00 990.06 74.542545 45.387 4.53848 13.966 2.60662 0 10.2726 0.0928479 7.60605 0 0 12.838 2.20237 0.0572788 0.415225 0.0175664 0
201 5000.00 1019.73 71.192851 44.9959 4.63816 13.587 2.64903 0 10.3673 0.0938095 7.89565 0 0 13.2262 2.05061 0.0501807 0.428174 0.0181142 0
214 1000.00 957.98 75.262841 44.9319 4.54448 14.4318 2.61181 0 10.4922 0.128412 7.4949 0 0 12.6453 2.28637 0.0549392 0.362578 0.0153391 0
205 3500.00 988.06 74.866029 45.4244 4.52667 13.9758 2.59964 0 10.2719 0.0933946 7.58605 0 0 12.8153 2.21432 0.0579694 0.416871 0.017636 0
209 2000.00 986.18 72.858123 45.0872 4.62353 14.1659 2.66235 0 10.3156 0.080963 7.64015 0 0 12.8457 2.14172 0.0519091 0.369382 0.015627 0
215 1000.00 955.98 75.563305 44.977 4.53267 14.4332 2.60473 0 10.4856 0.128798 7.47829 0 0 12.6274 2.29649 0.0555032 0.364788 0.0154326 0
202 5000.00 1017.74 71.560550 45.028 4.62573 13.6077 2.64195 0 10.3698 0.093975 7.87023 0 0 13.1985 2.06485 0.0509345 0.43016 0.0181982 0
206 3500.00 986.06 75.183271 45.4615 4.51506 13.9853 2.59281 0 10.271 0.0939354 7.56646 0 0 12.7931 2.22612 0.0586576 0.418418 0.0177015 0
216 1000.00 953.99 75.858308 45.0217 4.52105 14.4345 2.5978 0 10.4791 0.129177 7.46196 0 0 12.6097 2.3065 0.0560663 0.366877 0.015521 0
210 2000.00 984.17 73.214374 45.1289 4.61008 14.173 2.65406 0 10.314 0.0816151 7.62033 0 0 12.8237 2.15376 0.0525513 0.372271 0.0157492 0
207 3500.00 984.05 75.494448 45.4982 4.50366 13.9944 2.5861 0 10.27 0.0944705 7.54724 0 0 12.7712 2.23777 0.0593434 0.419871 0.017763 0
203 5000.00 1015.75 71.919886 45.0597 4.61355 13.6278 2.63502 0 10.372 0.0941198 7.84549 0 0 13.1715 2.07887 0.0516846 0.432026 0.0182772 0
217 1000.00 951.99 76.148006 45.0659 4.50963 14.4357 2.59099 0 10.4725 0.129549 7.44589 0 0 12.5923 2.31642 0.0566284 0.368853 0.0156046 0
211 2000.00 982.16 73.563510 45.1702 4.59687 14.1797 2.64596 0 10.3122 0.0822621 7.60088 0 0 12.8021 2.16565 0.0531921 0.375001 0.0158647 0
208 3500.00 982.05 75.799727 45.5346 4.49245 14.0032 2.57952 0 10.2687 0.0949997 7.52841 0 0 12.7497 2.24928 0.0600268 0.421237 0.0178207 0
204 5000.00 1013.75 72.271140 45.0908 4.6016 13.6473 2.62822 0 10.374 0.0942446 7.8214 0 0 13.1452 2.09267 0.0524313 0.433778 0.0183513 0
209 3500.00 980.05 76.099270 45.5707 4.48143 14.0117 2.57306 0 10.2673 0.0955229 7.50993 0 0 12.7286 2.26064 0.0607078 0.422517 0.0178749 0
212 2000.00 980.15 73.905746 45.2112 4.5839 14.1862 2.63802 0 10.3103 0.0829039 7.58178 0 0 12.7809 2.17741 0.0538314 0.377581 0.0159739 0
218 1000.00 950.00 76.674842 45.1529 4.4856 14.4324 2.57752 0 10.4493 0.129821 7.41425 0 0 12.5567 2.33633 0.0581051 0.372689 0.034346 0
205 5000.00 1011.76 72.614580 45.1215 4.58989 13.6663 2.62157 0 10.3757 0.0943499 7.79793 0 0 13.1194 2.10627 0.0531748 0.435423 0.0184209 0
210 3500.00 978.04 76.393233 45.6064 4.47059 14.02 2.56673 0 10.2658 0.0960401 7.49181 0 0 12.7078 2.27188 0.0613866 0.423718 0.0179257 0
213 2000.00 978.14 74.241287 45.2518 4.57115 14.1924 2.63025 0 10.3082 0.0835403 7.56302 0 0 12.76 2.18904 0.0544693 0.38002 0.016077 0
211 3500.00 976.04 76.681765 45.6417 4.45993 14.0279 2.56051 0 10.2641 0.0965514 7.47404 0 0 12.6874 2.28298 0.0620631 0.424841 0.0179732 0
206 5000.00 1009.77 72.943263 45.1548 4.5788 13.6858 2.61602 0 10.3691 0.0942741 7.7769 0 0 13.0936 2.12122 0.0539881 0.437081 0.018491 0
214 2000.00 976.13 74.570332 45.2921 4.55863 14.1984 2.62264 0 10.306 0.0841713 7.5446 0 0 12.7393 2.20054 0.0551057 0.382323 0.0161745 0
212 3500.00 974.04 76.965011 45.6768 4.44945 14.0356 2.55441 0 10.2622 0.0970566 7.45659 0 0 12.6673 2.29395 0.0627373 0.425891 0.0180176 0
215 2000.00 974.12 74.893069 45.332 4.54633 14.2042 2.61518 0 10.3036 0.0847968 7.5265 0 0 12.719 2.2119 0.0557407 0.384498 0.0162665 0
213 3500.00 972.03 77.243110 45.7115 4.43914 14.0431 2.54841 0 10.2602 0.0975556 7.43948 0 0 12.6475 2.30479 0.0634093 0.426872 0.0180591 0
216 2000.00 972.11 75.209679 45.3715 4.53424 14.2097 2.60788 0 10.3012 0.0854167 7.50872 0 0 12.699 2.22314 0.0563743 0.386552 0.0163534 0
215 3500.00 968.03 77.784397 45.7799 4.41903 14.0572 2.53675 0 10.2559 0.0985354 7.40618 0 0 12.6089 2.32611 0.0647468 0.428635 0.0181337 0
217 2000.00 970.10 75.520338 45.4107 4.52236 14.2149 2.60072 0 10.2985 0.086031 7.49124 0 0 12.6793 2.23426 0.0570064 0.388489 0.0164353 0
216 3500.00 966.03 78.047837 45.8137 4.40921 14.064 2.53108 0 10.2535 0.0990159 7.38999 0 0 12.59 2.33659 0.0654123 0.429423 0.0181671 0
217 3500.00 964.02 78.306638 45.8471 4.39955 14.0705 2.52551 0 10.251 0.0994903 7.37409 0 0 12.5715 2.34695 0.0660757 0.430153 0.0181979 0
218 2000.00 968.09 75.825211 45.4495 4.51068 14.22 2.5937 0 10.2958 0.0866396 7.47407 0 0 12.6598 2.24526 0.0576372 0.390317 0.0165126 0
218 3500.00 962.02 78.560914 45.8802 4.39005 14.0768 2.52003 0 10.2484 0.0999584 7.35847 0 0 12.5532 2.3572 0.0667371 0.430826 0.0182264 0
219 2000.00 966.08 76.124460 45.488 4.4992 14.2249 2.58683 0 10.2929 0.0872424 7.45719 0 0 12.6407 2.25614 0.0582666 0.392039 0.0165855 0
219 3500.00 960.02 78.810778 45.913 4.3807 14.0829 2.51466 0 10.2457 0.10042 7.34313 0 0 12.5352 2.36734 0.0673965 0.431445 0.0182526 0
220 2000.00 964.07 76.418237 45.5262 4.48791 14.2295 2.58008 0 10.29 0.0878393 7.4406 0 0 12.6218 2.2669 0.0588946 0.393661 0.0166541 0
220 3500.00 958.01 79.056338 45.9454 4.3715 14.0888 2.50937 0 10.2428 0.100876 7.32806 0 0 12.5174 2.37736 0.0680538 0.432013 0.0182766 0
221 2000.00 962.06 76.706692 45.564 4.4768 14.234 2.57347 0 10.2869 0.0884304 7.42428 0 0 12.6031 2.27755 0.0595213 0.395187 0.0167187 0
221 3500.00 956.01 79.297697 45.9776 4.36244 14.0945 2.50418 0 10.2399 0.101325 7.31325 0 0 12.5 2.38729 0.0687092 0.43253 0.0182985 0
222 2000.00 960.05 76.989967 45.6015 4.46589 14.2383 2.56698 0 10.2837 0.0890154 7.40824 0 0 12.5847 2.28808 0.0601466 0.396622 0.0167794 0
223 3500.00 952.00 79.768214 46.0411 4.34474 14.1054 2.49406 0 10.2337 0.102204 7.2844 0 0 12.4658 2.40682 0.0700143 0.433423 0.0183363 0
223 2000.00 958.04 77.268198 45.6386 4.45515 14.2424 2.56062 0 10.2804 0.0895944 7.39246 0 0 12.5666 2.29851 0.0607706 0.397969 0.0168364 0
224 3500.00 950.00 79.997564 46.0723 4.33609 14.1106 2.48913 0 10.2305 0.102634 7.27034 0 0 12.449 2.41643 0.070664 0.433802 0.0183523 0
224 2000.00 956.03 77.541518 45.6754 4.44458 14.2464 2.55437 0 10.277 0.0901672 7.37695 0 0 12.5487 2.30883 0.0613933 0.399232 0.0168898 0
225 2000.00 954.02 77.810054 45.7119 4.43419 14.2502 2.54825 0 10.2736 0.0907339 7.36168 0 0 12.5311 2.31904 0.0620148 0.400416 0.0169399 0
226 2000.00 952.01 78.073927 45.7481 4.42397 14.2538 2.54223 0 10.27 0.0912944 7.34667 0 0 12.5136 2.32915 0.062635 0.401522 0.0169867 0
227 2000.00 950.00 78.333257 45.7839 4.41391 14.2573 2.53633 0 10.2664 0.0918485 7.33189 0 0 12.4964 2.33916 0.0632539 0.402554 0.0170303 0