System Thermodynamic Data:
index Pressure Temperature mass F phi H S V Cp dVdP*10^6 dVdT*10^6 fO2(absolute) fO2-(QFM-1.0) rhol rhos viscosity aH2O chisqr
1 3000.00 1171.25 100.133850 0.9891364974688118 0.990760 -1186390.501139 270.857395 36.958379 145.310257 -210.246669 3061.851242 -9.403 0.000 2.704927 3.185528 2.148 n/a n/a
2 2975.00 1171.25 100.133890 0.9910168779131020 0.992269 -1186393.228213 270.920021 36.974693 145.373764 -211.094335 3064.951726 -9.405 0.000 2.704755 3.146908 2.147 n/a n/a
3 2950.00 1171.25 100.133932 0.9929028227730825 0.993781 -1186395.768927 270.982817 36.991078 145.437749 -211.960521 3068.082257 -9.407 0.000 2.704583 3.089266 2.147 n/a n/a
4 2925.00 1171.25 100.133974 0.9947943640718443 0.995296 -1186398.122049 271.045783 37.007533 145.502221 -212.845893 3071.243542 -9.409 0.000 2.704410 2.994145 2.146 n/a n/a
5 2900.00 1171.25 100.134017 0.9966915343042402 0.996813 -1186400.286325 271.108921 37.024060 145.567186 -213.751147 3074.436313 -9.411 0.000 2.704236 2.807835 2.146 n/a n/a
6 2875.00 1171.25 100.134061 0.9985943663647446 0.998334 -1186402.260481 271.172232 37.040660 145.632649 -214.677009 3077.661328 -9.413 0.000 2.704062 2.280234 2.145 n/a n/a
7 2850.00 1171.25 100.134101 0.9998521330725654 0.999310 -1186431.177511 271.216867 37.054283 145.674135 -215.604568 3080.224960 -9.415 0.000 2.703830 0.578782 2.145 n/a n/a
8 2825.00 1171.25 100.134133 0.9998315898237113 0.999210 -1186513.422885 271.224477 37.061953 145.667857 -216.516820 3081.453558 -9.417 0.000 2.703485 0.575803 2.146 n/a n/a
9 2800.00 1171.25 100.134164 0.9998110838815554 0.999109 -1186595.685043 271.232090 37.069659 145.661936 -217.453988 3082.712765 -9.419 0.000 2.703141 0.572805 2.146 n/a n/a
10 2775.00 1171.25 100.134196 0.9997906149952265 0.999008 -1186677.963937 271.239705 37.077402 145.656381 -218.417030 3084.003504 -9.421 0.000 2.702797 0.569789 2.146 n/a n/a
11 2750.00 1171.25 100.134227 0.9997701829121616 0.998905 -1186760.259515 271.247323 37.085182 145.651202 -219.406954 3085.326737 -9.422 0.000 2.702453 0.566753 2.147 n/a n/a
12 2725.00 1171.25 100.134259 0.9997497873603135 0.998802 -1186842.571726 271.254944 37.093001 145.646411 -220.424813 3086.683468 -9.424 0.000 2.702108 0.563699 2.147 n/a n/a
13 2700.00 1171.25 100.134290 0.9997294281024726 0.998697 -1186924.900515 271.262568 37.100860 145.642018 -221.471715 3088.074742 -9.426 0.000 2.701764 0.560626 2.148 n/a n/a
14 2675.00 1171.25 100.134322 0.9997091048660403 0.998592 -1187007.245825 271.270194 37.108759 145.638033 -222.548824 3089.501653 -9.428 0.000 2.701420 0.557533 2.148 n/a n/a
15 2650.00 1171.25 100.134354 0.9996888173435718 0.998486 -1187089.607599 271.277824 37.116700 145.634468 -223.657361 3090.965344 -9.430 0.000 2.701075 0.554421 2.148 n/a n/a
16 2625.00 1171.25 100.134386 0.9996685653256627 0.998378 -1187171.985775 271.285457 37.124683 145.631337 -224.798609 3092.467003 -9.432 0.000 2.700731 0.551288 2.149 n/a n/a
17 2600.00 1171.25 100.134418 0.9996483484647882 0.998270 -1187254.380291 271.293093 37.132711 145.628650 -225.973921 3094.007878 -9.434 0.000 2.700387 0.548136 2.149 n/a n/a
18 2575.00 1171.25 100.134449 0.9996281664854314 0.998160 -1187336.791080 271.300733 37.140784 145.626422 -227.184716 3095.589270 -9.436 0.000 2.700042 0.544963 2.149 n/a n/a
19 2550.00 1171.25 100.134481 0.9996080191510226 0.998050 -1187419.218075 271.308376 37.148904 145.624666 -228.432490 3097.212535 -9.438 0.000 2.699698 0.541769 2.150 n/a n/a
20 2525.00 1171.25 100.134513 0.9995879060991041 0.997938 -1187501.661204 271.316023 37.157072 145.623396 -229.718820 3098.879100 -9.440 0.000 2.699354 0.538554 2.150 n/a n/a
21 2500.00 1171.25 100.134545 0.9995678270433099 0.997825 -1187584.120393 271.323673 37.165289 145.622626 -231.045366 3100.590453 -9.442 0.000 2.699009 0.535318 2.151 n/a n/a
22 2475.00 1171.25 100.134578 0.9995477816317937 0.997711 -1187666.595566 271.331328 37.173557 145.622373 -232.413882 3102.348153 -9.443 0.000 2.698665 0.532060 2.151 n/a n/a
23 2450.00 1171.25 100.134610 0.9995277696462050 0.997595 -1187749.086640 271.338987 37.181877 145.622651 -233.826209 3104.153824 -9.445 0.000 2.698321 0.528781 2.151 n/a n/a
24 2425.00 1171.25 100.134642 0.9995077906510629 0.997478 -1187831.593533 271.346650 37.190251 145.623477 -235.284304 3106.009184 -9.447 0.000 2.697976 0.525479 2.152 n/a n/a
25 2400.00 1171.25 100.134674 0.9994878443647957 0.997360 -1187914.116157 271.354317 37.198680 145.624870 -236.790224 3107.916017 -9.449 0.000 2.697632 0.522155 2.152 n/a n/a
26 2375.00 1171.25 100.134706 0.9994679303730715 0.997240 -1187996.654419 271.361989 37.207167 145.626846 -238.346150 3109.876205 -9.451 0.000 2.697287 0.518808 2.152 n/a n/a
27 2350.00 1171.25 100.134739 0.9994480556698615 0.997119 -1188079.208119 271.369666 37.215711 145.629426 -239.954028 3111.891158 -9.453 0.000 2.696943 0.515437 2.153 n/a n/a
28 2325.00 1171.25 100.134771 0.9994281980076921 0.996996 -1188161.777470 271.377347 37.224318 145.632627 -241.617361 3113.964604 -9.455 0.000 2.696599 0.512044 2.153 n/a n/a
29 2300.00 1171.25 100.134803 0.9994083787920903 0.996872 -1188244.362054 271.385034 37.232987 145.636471 -243.337669 3116.097055 -9.457 0.000 2.696254 0.508626 2.154 n/a n/a
30 2275.00 1171.25 100.134836 0.9993885904212575 0.996746 -1188326.961864 271.392725 37.241721 145.640980 -245.118038 3118.291334 -9.459 0.000 2.695910 0.505184 2.154 n/a n/a
31 2250.00 1171.25 100.134868 0.9993688324256518 0.996618 -1188409.576786 271.400423 37.250521 145.646176 -246.961372 3120.549837 -9.461 0.000 2.695566 0.501718 2.154 n/a n/a
32 2225.00 1171.25 100.134901 0.9993491043920862 0.996489 -1188492.206699 271.408125 37.259391 145.652081 -248.870749 3122.875077 -9.462 0.000 2.695221 0.498226 2.155 n/a n/a
33 2200.00 1171.25 100.134933 0.9993294058842328 0.996358 -1188574.851474 271.415834 37.268331 145.658722 -250.849436 3125.269697 -9.464 0.000 2.694877 0.494709 2.155 n/a n/a
34 2175.00 1171.25 100.134966 0.9993097364061838 0.996225 -1188657.510980 271.423549 37.277346 145.666124 -252.900907 3127.736479 -9.466 0.000 2.694533 0.491167 2.155 n/a n/a
35 2150.00 1171.25 100.134999 0.9992900955012721 0.996090 -1188740.185076 271.431270 37.286436 145.674312 -255.028855 3130.278351 -9.468 0.000 2.694189 0.487598 2.156 n/a n/a
36 2125.00 1171.25 100.135032 0.9992704826452692 0.995953 -1188822.873615 271.438997 37.295606 145.683317 -257.237211 3132.898395 -9.470 0.000 2.693844 0.484003 2.156 n/a n/a
37 2100.00 1171.25 100.135064 0.9992508973188630 0.995814 -1188905.576443 271.446731 37.304857 145.693166 -259.530160 3135.599861 -9.472 0.000 2.693500 0.480380 2.157 n/a n/a
38 2075.00 1171.25 100.135097 0.9992313389658024 0.995673 -1188988.293397 271.454473 37.314193 145.703892 -261.912162 3138.386172 -9.474 0.000 2.693156 0.476730 2.157 n/a n/a
39 2050.00 1171.25 100.135130 0.9992118070112167 0.995530 -1189071.024305 271.462221 37.323617 145.715527 -264.387975 3141.260941 -9.476 0.000 2.692812 0.473052 2.157 n/a n/a
40 2025.00 1171.25 100.135163 0.9991923008430416 0.995384 -1189153.768988 271.469977 37.333132 145.728105 -266.962680 3144.227981 -9.478 0.000 2.692468 0.469345 2.158 n/a n/a
41 2000.00 1171.25 100.135196 0.9991728198328755 0.995219 -1189236.527257 271.477741 37.343399 145.741662 -270.438469 3138.030993 -9.480 0.000 2.692124 0.463893 2.158 n/a n/a
42 1975.00 1171.25 100.135229 0.9991531930642554 0.995065 -1189319.337861 271.485488 37.353194 145.741922 -273.350863 3140.739548 -9.482 0.000 2.691781 0.460027 2.158 n/a n/a
43 1950.00 1171.25 100.135262 0.9991335803013052 0.994909 -1189402.164920 271.493240 37.363097 145.742180 -276.390947 3143.531975 -9.483 0.000 2.691437 0.456127 2.159 n/a n/a
44 1925.00 1171.25 100.135295 0.9991139807730566 0.994750 -1189485.008380 271.501000 37.373114 145.742434 -279.566166 3146.411724 -9.485 0.000 2.691094 0.452194 2.159 n/a n/a
45 1900.00 1171.25 100.135328 0.9990943928306917 0.994588 -1189567.868200 271.508766 37.383249 145.742685 -282.884560 3149.382510 -9.487 0.000 2.690751 0.448227 2.159 n/a n/a
46 1875.00 1171.25 100.135361 0.9990748160318091 0.994423 -1189650.744315 271.516539 37.393508 145.742932 -286.354655 3152.448137 -9.489 0.000 2.690408 0.444224 2.160 n/a n/a
47 1850.00 1171.25 100.135395 0.9990552490530574 0.994254 -1189733.636674 271.524320 37.403894 145.743175 -289.985668 3155.612697 -9.491 0.000 2.690066 0.440186 2.160 n/a n/a
48 1825.00 1171.25 100.135428 0.9990356907266172 0.994082 -1189816.545219 271.532108 37.414415 145.743415 -293.787488 3158.880498 -9.493 0.000 2.689723 0.436112 2.161 n/a n/a
49 1800.00 1171.25 100.135461 0.9990161398226372 0.993906 -1189899.469890 271.539904 37.425075 145.743650 -297.770746 3162.256093 -9.495 0.000 2.689380 0.432001 2.161 n/a n/a
50 1775.00 1171.25 100.135495 0.9989965950728358 0.993727 -1189982.410626 271.547708 37.435881 145.743882 -301.946887 3165.744299 -9.497 0.000 2.689038 0.427852 2.161 n/a n/a
51 1750.00 1171.25 100.135528 0.9989770551281539 0.993543 -1190065.367363 271.555521 37.446841 145.744110 -306.328244 3169.350218 -9.499 0.000 2.688696 0.423665 2.162 n/a n/a
52 1725.00 1171.25 100.135562 0.9989575185826254 0.993356 -1190148.340036 271.563342 37.457960 145.744333 -310.928118 3173.079260 -9.501 0.000 2.688354 0.419439 2.162 n/a n/a
53 1700.00 1171.25 100.135595 0.9989379839586795 0.993164 -1190231.328577 271.571173 37.469246 145.744552 -315.760870 3176.937159 -9.502 0.000 2.688012 0.415174 2.162 n/a n/a
54 1675.00 1171.25 100.135629 0.9989184496924836 0.992967 -1190314.332913 271.579013 37.480708 145.744767 -320.842026 3180.930006 -9.504 0.000 2.687670 0.410868 2.163 n/a n/a
55 1650.00 1171.25 100.135663 0.9988989141584595 0.992766 -1190397.352973 271.586862 37.492353 145.744977 -326.188381 3185.064273 -9.506 0.000 2.687329 0.406521 2.163 n/a n/a
56 1625.00 1171.25 100.135696 0.9988793756204404 0.992560 -1190480.388680 271.594722 37.504192 145.745182 -331.818133 3189.346844 -9.508 0.000 2.686987 0.402132 2.164 n/a n/a
57 1600.00 1171.25 100.135730 0.9988598322701665 0.992348 -1190563.439956 271.602592 37.516233 145.745383 -337.751017 3193.785044 -9.510 0.000 2.686646 0.397701 2.164 n/a n/a
58 1575.00 1171.25 100.135764 0.9988402821880279 0.992131 -1190646.506717 271.610474 37.528487 145.745579 -344.008465 3198.386684 -9.512 0.000 2.686305 0.393227 2.164 n/a n/a
59 1550.00 1171.25 100.135798 0.9988207233353745 0.991908 -1190729.588881 271.618367 37.540966 145.745770 -350.613779 3203.160095 -9.514 0.000 2.685964 0.388708 2.165 n/a n/a
60 1525.00 1171.25 100.135832 0.9988011535764004 0.991678 -1190812.686358 271.626271 37.553680 145.745955 -357.592326 3208.114171 -9.516 0.000 2.685624 0.384145 2.165 n/a n/a
61 1500.00 1171.25 100.135866 0.9987815706291272 0.991443 -1190895.799058 271.634188 37.566643 145.746136 -364.971761 3213.258426 -9.518 0.000 2.685284 0.379536 2.166 n/a n/a
62 1475.00 1171.25 100.135900 0.9987619720801543 0.991200 -1190978.926884 271.642118 37.579868 145.746310 -372.782275 3218.603038 -9.520 0.000 2.684944 0.374880 2.166 n/a n/a
63 1450.00 1171.25 100.135934 0.9987423553634192 0.990950 -1191062.069738 271.650061 37.593370 145.746479 -381.056870 3224.158918 -9.521 0.000 2.684604 0.370177 2.166 n/a n/a
64 1425.00 1171.25 100.135968 0.9987227177577424 0.990693 -1191145.227518 271.658019 37.607164 145.746641 -389.831679 3229.937771 -9.523 0.000 2.684265 0.365425 2.167 n/a n/a
65 1400.00 1171.25 100.136002 0.9987030563544980 0.990428 -1191228.400117 271.665990 37.621268 145.746798 -399.146324 3235.952172 -9.525 0.000 2.683926 0.360625 2.167 n/a n/a
66 1375.00 1171.25 100.136036 0.9986833680597660 0.990154 -1191311.587423 271.673977 37.635700 145.746949 -409.044320 3242.215650 -9.527 0.000 2.683587 0.355774 2.167 n/a n/a
67 1350.00 1171.25 100.136070 0.9986636495557069 0.989870 -1191394.789320 271.681980 37.650480 145.747092 -419.573541 3248.742782 -9.529 0.000 2.683249 0.350873 2.168 n/a n/a
68 1325.00 1171.25 100.136105 0.9986438972947465 0.989578 -1191478.005689 271.689999 37.665629 145.747229 -430.786740 3255.549295 -9.531 0.000 2.682911 0.345919 2.168 n/a n/a
69 1300.00 1171.25 100.136139 0.9986241074908830 0.989275 -1191561.236402 271.698036 37.681170 145.747359 -442.742156 3262.652181 -9.533 0.000 2.682573 0.340913 2.169 n/a n/a
70 1275.00 1171.25 100.136174 0.9986042760578633 0.988961 -1191644.481329 271.706091 37.697129 145.747481 -455.504204 3270.069834 -9.535 0.000 2.682236 0.335853 2.169 n/a n/a
71 1250.00 1171.25 100.136208 0.9985843986111612 0.988636 -1191727.740333 271.714164 37.713532 145.747596 -469.144265 3277.822195 -9.537 0.000 2.681900 0.330739 2.169 n/a n/a
72 1225.00 1171.25 100.136243 0.9985644704207184 0.988298 -1191811.013270 271.722258 37.730410 145.747702 -483.741603 3285.930920 -9.539 0.000 2.681563 0.325569 2.170 n/a n/a
73 1200.00 1171.25 100.136277 0.9985444863795379 0.987947 -1191894.299992 271.730372 37.747794 145.747801 -499.384417 3294.419573 -9.541 0.000 2.681228 0.320342 2.170 n/a n/a
74 1175.00 1171.25 100.136312 0.9985244409636383 0.987582 -1191977.600340 271.738508 37.765721 145.747891 -516.171065 3303.313844 -9.542 0.000 2.680893 0.315057 2.171 n/a n/a
75 1150.00 1171.25 100.136347 0.9985043281818813 0.987202 -1192060.914152 271.746668 37.784229 145.747972 -534.211486 3312.641792 -9.544 0.000 2.680559 0.309713 2.171 n/a n/a
76 1125.00 1171.25 100.136381 0.9984841415221275 0.986805 -1192144.241255 271.754851 37.803360 145.748044 -553.628859 3322.434135 -9.546 0.000 2.680225 0.304310 2.171 n/a n/a
77 1100.00 1171.25 100.136416 0.9984638738945212 0.986391 -1192227.581467 271.763059 37.823162 145.748106 -574.561542 3332.724573 -9.548 0.000 2.679892 0.298846 2.172 n/a n/a
78 1075.00 1171.25 100.136451 0.9984435175531846 0.985959 -1192310.934599 271.771294 37.843686 145.748158 -597.165349 3343.550162 -9.550 0.000 2.679560 0.293320 2.172 n/a n/a
79 1050.00 1171.25 100.136486 0.9984230640244368 0.985506 -1192394.300451 271.779557 37.864990 145.748200 -621.616241 3354.951753 -9.552 0.000 2.679228 0.287731 2.173 n/a n/a
80 1025.00 1171.25 100.136521 0.9984025040012916 0.985032 -1192477.678809 271.787850 37.887135 145.748230 -648.113501 3366.974491 -9.554 0.000 2.678898 0.282078 2.173 n/a n/a
81 1000.00 1171.25 100.136556 0.9983818272400993 0.984534 -1192561.069452 271.796174 37.910192 145.748249 -676.883513 3379.668406 -9.556 0.000 2.678568 0.276360 2.173 n/a n/a
82 975.00 1171.25 100.136591 0.9983610224507385 0.984010 -1192644.472140 271.804532 37.934239 145.748256 -708.184260 3393.089094 -9.558 0.000 2.678240 0.270576 2.174 n/a n/a
83 950.00 1171.25 100.136626 0.9983400771086333 0.983459 -1192727.886622 271.812924 37.959362 145.748251 -742.310742 3407.298527 -9.560 0.000 2.677913 0.264724 2.174 n/a n/a
84 925.00 1171.25 100.136662 0.9983189773112258 0.982877 -1192811.312629 271.821354 37.985660 145.748232 -779.601470 3422.366004 -9.561 0.000 2.677586 0.258804 2.175 n/a n/a
85 900.00 1171.25 100.136697 0.9982977075782290 0.982263 -1192894.749873 271.829824 38.013242 145.748200 -820.446338 3438.369266 -9.563 0.000 2.677262 0.252814 2.175 n/a n/a
86 875.00 1171.25 100.136732 0.9982762505742424 0.981612 -1192978.198044 271.838335 38.042230 145.748153 -865.296216 3455.395847 -9.565 0.000 2.676938 0.246754 2.176 n/a n/a
87 850.00 1171.25 100.136768 0.9982545868611088 0.980922 -1193061.656811 271.846892 38.072765 145.748090 -914.674657 3473.544667 -9.567 0.000 2.676617 0.240621 2.176 n/a n/a
88 825.00 1171.25 100.136803 0.9982326945107092 0.980188 -1193145.125813 271.855496 38.105004 145.748013 -969.192339 3492.927964 -9.569 0.000 2.676297 0.234416 2.177 n/a n/a
89 800.00 1171.25 100.136839 0.9982105487241946 0.979406 -1193228.604659 271.864153 38.139128 145.747918 -1029.564917 3513.673614 -9.571 0.000 2.675979 0.228136 2.177 n/a n/a
90 775.00 1171.25 100.136874 0.9981881213040975 0.978570 -1193312.092920 271.872864 38.175345 145.747805 -1096.635310 3535.927978 -9.573 0.000 2.675663 0.221781 2.178 n/a n/a
91 750.00 1171.25 100.136910 0.9981653800475795 0.977676 -1193395.590126 271.881635 38.213890 145.747674 -1171.401663 3559.859365 -9.575 0.000 2.675350 0.215349 2.178 n/a n/a
92 725.00 1171.25 100.136946 0.9981422880059480 0.976715 -1193479.095756 271.890470 38.255041 145.747524 -1255.052713 3585.662313 -9.577 0.000 2.675039 0.208840 2.179 n/a n/a
93 700.00 1171.25 100.136982 0.9981188025336809 0.975681 -1193562.609230 271.899374 38.299117 145.747352 -1349.012921 3613.562917 -9.579 0.000 2.674731 0.202253 2.179 n/a n/a
94 675.00 1171.25 100.137018 0.9980948741610178 0.974564 -1193646.129897 271.908353 38.346491 145.747159 -1455.000476 3643.825480 -9.581 0.000 2.674427 0.195585 2.180 n/a n/a
95 650.00 1171.25 100.137054 0.9980704451372259 0.973352 -1193729.657021 271.917415 38.397603 145.746942 -1575.102627 3676.760926 -9.582 0.000 2.674126 0.188837 2.180 n/a n/a
96 625.00 1171.25 100.137090 0.9980454476001911 0.972034 -1193813.189762 271.926565 38.452975 145.746700 -1711.874455 3712.737526 -9.584 0.000 2.673829 0.182007 2.181 n/a n/a
97 600.00 1171.25 100.137126 0.9980198012779552 0.970595 -1193896.727154 271.935814 38.513229 145.746431 -1868.469733 3752.194683 -9.586 0.000 2.673538 0.175094 2.181 n/a n/a
98 575.00 1171.25 100.137163 0.9979934104667405 0.969016 -1193980.268072 271.945171 38.579112 145.746133 -2048.816449 3795.660889 -9.588 0.000 2.673252 0.168098 2.182 n/a n/a
99 550.00 1171.25 100.137199 0.9979661601431824 0.967275 -1194063.811195 271.954647 38.651531 145.745803 -2257.855095 3843.777345 -9.590 0.000 2.672972 0.161017 2.183 n/a n/a
100 525.00 1171.25 100.137236 0.9979379108570914 0.965347 -1194147.354956 271.964257 38.731598 145.745439 -2501.866694 3897.329435 -9.592 0.000 2.672700 0.153851 2.183 n/a n/a
101 500.00 1171.25 100.137273 0.9979084918609479 0.963199 -1194230.897468 271.974015 38.820688 145.745038 -2788.931298 3957.289283 -9.594 0.000 2.672436 0.146599 2.184 n/a n/a
102 475.00 1171.25 100.137310 0.9978776919110764 0.960790 -1194314.436437 271.983942 38.920522 145.744595 -3129.579334 4024.874119 -9.596 0.000 2.672183 0.139260 2.185 n/a n/a
103 450.00 1171.25 100.137347 0.9978452465816968 0.958070 -1194397.969031 271.994059 39.033284 145.744105 -3537.734164 4101.627719 -9.598 0.000 2.671942 0.131836 2.185 n/a n/a
104 425.00 1171.25 100.137385 0.9978108206105808 0.954975 -1194481.491706 272.004394 39.161782 145.743563 -4032.103717 4189.536153 -9.600 0.000 2.671715 0.124325 2.186 n/a n/a
105 400.00 1171.25 100.137422 0.9977739828756702 0.951421 -1194564.999952 272.014981 39.309687 145.742960 -4638.281903 4291.195651 -9.601 0.000 2.671506 0.116729 2.187 n/a n/a
106 375.00 1171.25 100.137461 0.9977341701493669 0.947300 -1194648.487936 272.025862 39.481884 145.742287 -5392.002850 4410.061757 -9.603 0.000 2.671320 0.109048 2.188 n/a n/a
107 350.00 1171.25 100.137499 0.9976906335571131 0.942467 -1194731.947968 272.037091 39.685010 145.741530 -6344.325178 4550.828622 -9.605 0.000 2.671161 0.101285 2.190 n/a n/a
108 325.00 1171.25 100.137538 0.9976423575653420 0.936723 -1194815.369705 272.048738 39.928291 145.740670 -7570.160725 4720.023292 -9.607 0.000 2.671037 0.093443 2.191 n/a n/a
109 300.00 1171.25 100.137577 0.9975879342987651 0.929793 -1194898.738909 272.060894 40.224908 145.739684 -9182.828769 4926.967435 -9.609 0.000 2.670958 0.085528 2.192 n/a n/a
